1721499943.706436 0.0000000 0.0000000 0.0000000 -0.0000000 -0.0000000 -0.0000000 1.0000000
1721499943.773119 0.0000000 0.0000000 0.0000000 -0.0000000 -0.0000000 -0.0000000 1.0000000
1721499943.806461 0.0000000 0.0000000 0.0000000 -0.0000000 -0.0000000 -0.0000000 1.0000000
1721499943.839803 0.0000000 0.0000000 0.0000000 -0.0000000 -0.0000000 -0.0000000 1.0000000
1721499943.873144 0.0000000 0.0000000 0.0000000 -0.0000000 -0.0000000 -0.0000000 1.0000000
1721499943.906486 0.0000000 0.0000000 0.0000000 -0.0000000 -0.0000000 -0.0000000 1.0000000
1721499943.939828 0.0000000 0.0000000 0.0000000 -0.0000000 -0.0000000 -0.0000000 1.0000000
1721499943.973170 0.0000000 0.0000000 0.0000000 -0.0000000 -0.0000000 -0.0000000 1.0000000
1721499944.006511 0.0000000 0.0000000 0.0000000 -0.0000000 -0.0000000 -0.0000000 1.0000000
1721499944.039853 0.0000000 0.0000000 0.0000000 -0.0000000 -0.0000000 -0.0000000 1.0000000
1721499944.073195 0.0000000 0.0000000 0.0000000 -0.0000000 -0.0000000 -0.0000000 1.0000000
1721499944.106535 -0.0000000 0.0000000 0.0000000 0.0000000 0.0000000 -0.0000000 1.0000000
1721499944.139877 -0.0019235 0.0035438 -0.0122871 -0.0024160 0.0001148 -0.0019554 0.9999952
1721499944.173219 0.0048154 0.0117330 -0.0260457 -0.0043870 0.0000453 -0.0030559 0.9999857
1721499944.206561 0.0098511 0.0203746 -0.0378150 -0.0060643 0.0006401 -0.0023671 0.9999786
1721499944.273244 0.0111719 0.0284750 -0.0631347 -0.0121160 0.0013661 -0.0024907 0.9999226
1721499944.306586 0.0043312 0.0309276 -0.0803471 -0.0186611 0.0011421 -0.0039647 0.9998174
1721499944.339927 0.0081743 0.0325782 -0.0875719 -0.0202892 -0.0007772 -0.0052656 0.9997800
1721499944.373269 0.0108803 0.0446469 -0.0892112 -0.0246670 -0.0038813 -0.0062050 0.9996690
1721499944.439953 -0.0016463 0.0451299 -0.1088170 -0.0328579 -0.0147193 -0.0070918 0.9993265
1721499944.473295 -0.0027450 0.0430217 -0.1169552 -0.0330471 -0.0204234 -0.0051505 0.9992318
1721499944.506637 0.0065011 0.0478157 -0.1125321 -0.0316402 -0.0242970 -0.0010844 0.9992034
1721499944.539977 0.0112090 0.0493302 -0.1100334 -0.0301006 -0.0256181 0.0014134 0.9992175
1721499944.573319 0.0106786 0.0472103 -0.1089783 -0.0298488 -0.0250917 0.0022245 0.9992369
1721499944.606661 0.0073897 0.0431583 -0.1064593 -0.0306858 -0.0234780 0.0021920 0.9992509
1721499944.640003 0.0058393 0.0417586 -0.1003405 -0.0326210 -0.0209875 0.0027614 0.9992436
1721499944.673345 0.0090105 0.0429370 -0.0935813 -0.0343569 -0.0183328 0.0032431 0.9992362
1721499944.740028 -0.0484627 0.0726093 -0.0978651 -0.0343293 -0.0066755 0.0023375 0.9993855
1721499944.773370 -0.0332799 0.0713101 -0.0798064 -0.0343275 -0.0052878 0.0033006 0.9993912
1721499944.806712 -0.0019120 0.0548221 -0.0415461 -0.0355722 -0.0054607 0.0039440 0.9993444
1721499944.840054 0.0063019 0.0508595 -0.0238284 -0.0345617 -0.0035276 0.0047272 0.9993852
1721499944.873395 0.0319593 0.0541508 0.0027330 -0.0325553 -0.0028142 0.0064005 0.9994455
1721499944.906737 -0.0079305 0.0528877 0.0208896 -0.0326806 0.0045388 0.0068995 0.9994317
1721499944.940079 -0.0113076 0.0533606 0.0530824 -0.0290502 0.0090928 0.0057387 0.9995201
1721499944.973421 -0.0083620 0.0655045 0.0817132 -0.0246863 0.0122921 0.0057930 0.9996029
1721499945.040104 -0.0302320 0.0695976 0.1366491 -0.0237123 0.0251229 0.0067981 0.9993801
1721499945.073446 -0.0385006 0.0520721 0.1583802 -0.0263552 0.0312198 0.0071621 0.9991394
1721499945.106788 -0.0406715 0.0540856 0.1811480 -0.0255181 0.0351488 0.0085328 0.9990198
1721499945.140129 -0.0478138 0.0399508 0.2044522 -0.0256296 0.0377322 0.0097681 0.9989114
1721499945.173471 -0.0317421 0.0266540 0.2086774 -0.0259211 0.0358751 0.0101056 0.9989690
1721499945.206813 -0.0428119 0.0242876 0.2262120 -0.0251053 0.0363535 0.0099399 0.9989741
1721499945.240155 -0.0486120 0.0198801 0.2420784 -0.0261569 0.0369377 0.0094174 0.9989308
1721499945.273497 -0.0162272 -0.0334246 0.2806584 -0.0330152 0.0330744 0.0087142 0.9988695
1721499945.306839 -0.0072137 -0.0355629 0.3001526 -0.0332764 0.0326074 0.0085361 0.9988777
1721499945.340181 -0.0132911 -0.0396927 0.3210897 -0.0341986 0.0333546 0.0072208 0.9988322
1721499945.373523 -0.0142772 -0.0434365 0.3391505 -0.0352707 0.0339476 0.0066567 0.9987789
1721499945.406865 -0.0048138 -0.0501602 0.3555555 -0.0355083 0.0331932 0.0078403 0.9987872
1721499945.440206 -0.0043465 -0.0528957 0.3756928 -0.0341829 0.0332266 0.0078165 0.9988325
1721499945.473548 -0.0028534 -0.0494734 0.4008573 -0.0308848 0.0330407 0.0086835 0.9989390
1721499945.540231 -0.0056754 -0.0601053 0.4306819 -0.0258700 0.0318957 0.0098775 0.9991075
1721499945.573574 -0.0252106 -0.0668036 0.4415661 -0.0271512 0.0326121 0.0081246 0.9990662
1721499945.606915 -0.0219249 -0.0669609 0.4650597 -0.0294515 0.0300752 0.0073717 0.9990864
1721499945.640257 -0.0047479 -0.0586415 0.4877037 -0.0372919 0.0251054 0.0051081 0.9989759
1721499945.673599 -0.0038905 -0.0683180 0.4941231 -0.0391470 0.0225822 0.0030763 0.9989735
1721499945.706941 -0.0002596 -0.0628142 0.5207480 -0.0397779 0.0201945 0.0019020 0.9990026
1721499945.740282 -0.0042947 -0.0632011 0.5418935 -0.0392789 0.0205079 0.0005527 0.9990177
1721499945.773623 -0.0041099 -0.0668060 0.5544298 -0.0412231 0.0207697 -0.0007659 0.9989338
1721499945.840306 0.0284844 -0.0784361 0.5887625 -0.0443359 0.0174842 -0.0040302 0.9988556
1721499945.873646 0.0255495 -0.0846637 0.6002883 -0.0436407 0.0167415 -0.0067599 0.9988841
1721499945.906987 0.0249181 -0.0808970 0.6111916 -0.0411963 0.0146173 -0.0078231 0.9990135
1721499945.940328 0.0222023 -0.0834530 0.6141645 -0.0381986 0.0124673 -0.0075168 0.9991641
1721499945.973669 0.0192136 -0.0892435 0.6138683 -0.0353306 0.0120012 -0.0062077 0.9992843
1721499946.007010 0.0204702 -0.0894067 0.6145641 -0.0323261 0.0129047 -0.0035397 0.9993878
1721499946.040352 0.0261456 -0.0965600 0.6098690 -0.0290575 0.0143967 -0.0022911 0.9994714
1721499946.073693 0.0232101 -0.0933087 0.6098173 -0.0245310 0.0177210 -0.0019623 0.9995401
1721499946.140375 0.0284032 -0.1002923 0.5843307 -0.0163797 0.0235487 -0.0017744 0.9995869
1721499946.173716 0.0224550 -0.1010245 0.5735502 -0.0133235 0.0268335 -0.0008944 0.9995508
1721499946.207058 0.0226681 -0.0939347 0.5703366 -0.0108250 0.0292663 0.0008000 0.9995127
1721499946.240399 0.0087874 -0.1078513 0.5413254 -0.0104186 0.0331629 0.0022655 0.9993931
1721499946.273740 0.0126338 -0.1005400 0.5410727 -0.0080667 0.0348477 0.0041186 0.9993516
1721499946.307081 -0.0003036 -0.0992417 0.5178996 -0.0073011 0.0379454 0.0058286 0.9992362
1721499946.340421 0.0053495 -0.0890831 0.5208554 -0.0084504 0.0398905 0.0094891 0.9991233
1721499946.373762 -0.0061559 -0.0810459 0.5042138 -0.0120738 0.0446314 0.0114374 0.9988651
1721499946.440445 -0.0151869 -0.0741201 0.4682693 -0.0218414 0.0560595 0.0150997 0.9980743
1721499946.473786 -0.0276552 -0.0708690 0.4511273 -0.0242048 0.0624108 0.0171989 0.9976088
1721499946.507127 -0.0322758 -0.0619251 0.4428976 -0.0248727 0.0662000 0.0194906 0.9973059
1721499946.540468 -0.0454984 -0.0567092 0.4268096 -0.0260147 0.0697656 0.0209254 0.9970046
1721499946.573810 -0.0523205 -0.0590821 0.4053659 -0.0269087 0.0710460 0.0221405 0.9968642
1721499946.607151 -0.0492624 -0.0602184 0.3870439 -0.0290687 0.0710048 0.0228694 0.9967900
1721499946.673833 -0.0618873 0.3517729 -0.0206600 -0.7855741 0.0617571 -0.0454528 0.6139981
1721499946.707174 -0.0672748 0.3292018 -0.0195271 -0.7825416 0.0576036 -0.0443137 0.6183420
1721499946.740515 -0.0720832 0.3056142 -0.0174345 -0.7775421 0.0530183 -0.0420887 0.6251768
1721499946.773855 -0.0761540 0.2812996 -0.0153520 -0.7721045 0.0485059 -0.0393858 0.6324165
1721499946.807196 -0.1168036 0.6628280 -0.2310004 -0.7671192 0.0467244 -0.0386929 0.6386298
1721499946.840537 -0.1192976 0.6368269 -0.2275451 -0.7616715 0.0427077 -0.0357400 0.6455659
1721499946.873878 -0.1212187 0.6105268 -0.2247939 -0.7553324 0.0396760 -0.0326222 0.6533259
1721499946.907219 -0.1218185 0.5845351 -0.2208695 -0.7465658 0.0367285 -0.0298577 0.6636257
1721499946.940560 -0.1221624 0.5584885 -0.2163225 -0.7362429 0.0332590 -0.0272508 0.6753500
1721499946.973901 -0.1294619 0.5314398 -0.2066457 -0.7249507 0.0304878 -0.0256561 0.6876473
1721499947.007241 -0.1298456 0.5052612 -0.2054284 -0.7176969 0.0280603 -0.0247894 0.6953483
1721499947.040582 -0.1299729 0.4798824 -0.2034591 -0.7120348 0.0251047 -0.0248945 0.7012535
1721499947.107264 -0.1310764 0.4314716 -0.1988544 -0.7007477 0.0188001 -0.0223422 0.7128114
1721499947.140605 -0.1504627 0.3977134 -0.1995292 -0.6975487 0.0185612 -0.0199002 0.7160205
1721499947.173946 -0.1524847 0.3747599 -0.1955288 -0.6900577 0.0189943 -0.0169908 0.7233056
1721499947.207286 -0.1547518 0.3528186 -0.1911883 -0.6814772 0.0206524 -0.0143366 0.7314075
1721499947.240627 -0.1575228 0.3319435 -0.1868007 -0.6722412 0.0229346 -0.0126041 0.7398697
1721499947.273968 -0.1892935 0.3052744 -0.1914158 -0.6641442 0.0257657 -0.0134826 0.7470387
1721499947.307308 -0.1946263 0.2854939 -0.1860316 -0.6555642 0.0267287 -0.0149417 0.7545183
1721499947.340649 -0.2002368 0.2673433 -0.1817227 -0.6491051 0.0277336 -0.0171978 0.7599985
1721499947.407331 -0.2120865 0.2359445 -0.1775337 -0.6452106 0.0282288 -0.0233660 0.7631255
1721499947.440672 -0.2175101 0.2243295 -0.1781534 -0.6476976 0.0286063 -0.0265005 0.7608991
1721499947.474013 -0.1738457 0.2155516 -0.1507393 -0.6551089 0.0289854 -0.0255245 0.7545467
1721499947.507354 -0.1781337 0.2065085 -0.1535584 -0.6644269 0.0315157 -0.0274891 0.7461823
1721499947.540695 -0.1824145 0.1992782 -0.1578450 -0.6755872 0.0340854 -0.0298195 0.7358879
1721499947.574035 -0.1861632 0.1942967 -0.1633105 -0.6873743 0.0362764 -0.0319421 0.7246933
1721499947.607376 -0.1900411 0.1905387 -0.1696464 -0.6997007 0.0384610 -0.0332479 0.7126250
1721499947.640717 -0.1934334 0.1893802 -0.1757955 -0.7113233 0.0402202 -0.0339894 0.7008896
1721499947.674057 -0.1959692 0.1903330 -0.1818490 -0.7223690 0.0414810 -0.0341895 0.6894154
1721499947.740739 -0.2042336 0.1928955 -0.1904455 -0.7415264 0.0463162 -0.0311014 0.6686001
1721499947.774080 -0.2053273 0.1991641 -0.1963393 -0.7491665 0.0485900 -0.0291836 0.6599523
1721499947.807420 -0.2082217 0.2050104 -0.2032296 -0.7582803 0.0506919 -0.0278075 0.6493598
1721499947.840761 -0.2093892 0.2103866 -0.2098013 -0.7670946 0.0523180 -0.0264754 0.6388490
1721499947.874102 -0.2103447 0.2168480 -0.2154604 -0.7745834 0.0542737 -0.0257075 0.6296143
1721499947.940784 -0.2105738 0.2303857 -0.2273057 -0.7883207 0.0567675 -0.0254344 0.6121120
1721499947.974124 -0.2402357 0.2266996 -0.2478303 -0.7929433 0.0576948 -0.0282294 0.6059005
1721499948.007466 -0.2399496 0.2351735 -0.2531835 -0.7980159 0.0578373 -0.0288491 0.5991605
1721499948.040807 -0.2388902 0.2447989 -0.2582517 -0.8023111 0.0578489 -0.0290721 0.5933846
1721499948.074147 -0.2375190 0.2559788 -0.2629264 -0.8062584 0.0576933 -0.0289469 0.5880316
1721499948.107487 -0.2346583 0.2699131 -0.2678763 -0.8098561 0.0571007 -0.0290675 0.5831190
1721499948.140828 -0.2074345 0.2741537 -0.2460499 -0.8142155 0.0552250 -0.0263696 0.5773284
1721499948.174169 -0.2040390 0.2881863 -0.2515517 -0.8168562 0.0539141 -0.0253432 0.5737569
1721499948.240850 -0.1950664 0.3195809 -0.2616812 -0.8197356 0.0505652 -0.0212687 0.5701091
1721499948.274191 -0.1895053 0.3389473 -0.2664974 -0.8200267 0.0490727 -0.0184920 0.5699177
1721499948.307532 -0.1831528 0.3587664 -0.2711818 -0.8195140 0.0468243 -0.0153817 0.5709359
1721499948.340873 -0.1933947 0.3941439 -0.2862256 -0.8206651 0.0441883 -0.0147625 0.5695071
1721499948.407554 -0.1767366 0.4352933 -0.2888594 -0.8169937 0.0410486 -0.0093566 0.5751077
1721499948.440895 -0.1661090 0.4564700 -0.2892457 -0.8174275 0.0414006 -0.0093116 0.5744664
1721499948.474236 -0.1566228 0.4775031 -0.2881734 -0.8184539 0.0403466 -0.0103013 0.5730613
1721499948.507577 -0.1471810 0.4983349 -0.2858128 -0.8167272 0.0384611 -0.0116224 0.5756236
1721499948.574258 -0.1301569 0.5378342 -0.2795182 -0.8115102 0.0353646 -0.0134594 0.5831118
1721499948.607599 -0.1214274 0.5569949 -0.2772338 -0.8122185 0.0349711 -0.0136270 0.5821447
1721499948.640939 -0.1128661 0.5772658 -0.2739791 -0.8134864 0.0354584 -0.0140858 0.5803311
1721499948.674280 -0.1052010 0.5964226 -0.2702729 -0.8134356 0.0364694 -0.0151010 0.5803142
1721499948.707621 -0.0984107 0.6171499 -0.2660717 -0.8124455 0.0375041 -0.0162552 0.5816025
1721499948.740962 -0.0920778 0.6375748 -0.2622660 -0.8113981 0.0382212 -0.0172746 0.5829871
1721499948.774303 -0.0862536 0.6590245 -0.2599042 -0.8103894 0.0385220 -0.0186162 0.5843275
1721499948.840986 -0.0753915 0.7047900 -0.2594283 -0.8074167 0.0384339 -0.0228551 0.5882846
1721499948.874327 -0.0662565 0.7244058 -0.2736955 -0.8051867 0.0380264 -0.0245445 0.5912918
1721499948.907669 -0.0624431 0.7491021 -0.2766132 -0.8043182 0.0378231 -0.0276831 0.5923474
1721499948.941010 -0.0587975 0.7744296 -0.2801065 -0.8045031 0.0373899 -0.0302911 0.5919959
1721499948.974351 -0.0558321 0.8004609 -0.2828203 -0.8044620 0.0373537 -0.0323387 0.5919458
1721499949.007691 -0.0528580 0.8268738 -0.2848967 -0.8034392 0.0377794 -0.0337159 0.5932297
1721499949.041033 -0.0502607 0.8552781 -0.2867874 -0.8046003 0.0380395 -0.0343214 0.5916024
1721499949.074374 -0.0483945 0.8836967 -0.2861521 -0.8036875 0.0379186 -0.0325056 0.5929519
1721499949.107715 -0.0471877 0.9109254 -0.2842141 -0.8043906 0.0373488 -0.0301337 0.5921595
1721499949.174397 -0.0420137 0.9652120 -0.2797611 -0.8032892 0.0347014 -0.0285578 0.5938912
1721499949.207739 -0.0380456 0.9891217 -0.2778543 -0.8033207 0.0337095 -0.0275299 0.5939543
1721499949.241080 -0.0338329 1.0116732 -0.2764909 -0.8046054 0.0343081 -0.0265657 0.5922224
1721499949.274421 -0.0287519 1.0318304 -0.2758429 -0.8071496 0.0357071 -0.0255463 0.5887120
1721499949.307762 -0.0251057 1.0503554 -0.2761706 -0.8098568 0.0371082 -0.0246372 0.5849342
1721499949.374445 -0.0163855 1.0734842 -0.2694027 -0.8131510 0.0397794 -0.0240602 0.5801932
1721499949.407786 -0.0111032 1.0837842 -0.2692946 -0.8146052 0.0409900 -0.0250435 0.5780234
1721499949.441127 -0.0062104 1.0918508 -0.2691661 -0.8156269 0.0409552 -0.0264505 0.5765204
1721499949.474468 -0.0013605 1.0984261 -0.2690184 -0.8164297 0.0406764 -0.0275042 0.5753535
1721499949.507809 0.0034689 1.1018041 -0.2679354 -0.8166145 0.0396655 -0.0279740 0.5751390
1721499949.574492 0.0128450 1.1027267 -0.2646375 -0.8154022 0.0338115 -0.0262793 0.5773089
1721499949.607833 0.0174209 1.1002738 -0.2635931 -0.8145132 0.0298283 -0.0235901 0.5788973
1721499949.641174 0.0198246 1.1250550 -0.2784843 -0.8137345 0.0257595 -0.0195683 0.5803359
1721499949.674515 0.0255001 1.1187166 -0.2764992 -0.8139402 0.0210974 -0.0157232 0.5803526
1721499949.707856 0.0287187 1.1084453 -0.2743094 -0.8140222 0.0164180 -0.0116623 0.5804846
1721499949.741198 0.0327849 1.0982955 -0.2705919 -0.8128508 0.0118972 -0.0083643 0.5822904
1721499949.807880 0.0395121 1.0724056 -0.2611177 -0.8053061 0.0033263 -0.0051903 0.5928272
1721499949.841221 0.0543072 1.0262761 -0.2451530 -0.8011716 -0.0007887 -0.0017323 0.5984317
1721499949.874561 0.0572748 1.0112643 -0.2415195 -0.7982299 -0.0045308 0.0002004 0.6023359
1721499949.907902 0.0597013 0.9967338 -0.2382174 -0.7957652 -0.0054928 0.0019273 0.6055775
1721499949.941243 0.0623139 0.9823527 -0.2351391 -0.7933177 -0.0045293 0.0021320 0.6087873
1721499949.974585 0.0642214 0.9676274 -0.2323400 -0.7907545 -0.0029505 0.0014527 0.6121246
1721499950.041267 0.0654828 0.9357139 -0.2281458 -0.7856840 0.0014915 -0.0012053 0.6186251
1721499950.074608 0.0660255 0.9211805 -0.2263049 -0.7831459 0.0041296 -0.0032639 0.6218157
1721499950.107949 0.0637169 0.9046878 -0.2253030 -0.7811368 0.0068531 -0.0057514 0.6242959
1721499950.141290 0.0615153 0.8866246 -0.2252441 -0.7795547 0.0094724 -0.0088740 0.6261997
1721499950.174631 0.0552291 0.8684729 -0.2250288 -0.7775179 0.0110061 -0.0122609 0.6286451
1721499950.207973 0.0502981 0.8495053 -0.2252554 -0.7749547 0.0118149 -0.0146764 0.6317359
1721499950.241314 0.0456783 0.8283025 -0.2263243 -0.7731506 0.0131554 -0.0162866 0.6338769
1721499950.274655 0.0392031 0.8067610 -0.2291236 -0.7730362 0.0146363 -0.0171375 0.6339614
1721499950.341336 0.0265105 0.7649941 -0.2335716 -0.7730613 0.0175000 -0.0182059 0.6338285
1721499950.374677 0.0767321 0.7167779 -0.2444438 -0.7716930 0.0188626 -0.0122619 0.6355973
1721499950.408018 0.0721363 0.6954420 -0.2465724 -0.7727344 0.0213422 -0.0126165 0.6342452
1721499950.441360 0.0665386 0.6758035 -0.2478930 -0.7737280 0.0239754 -0.0134417 0.6329215
1721499950.474701 0.0603960 0.6565487 -0.2482306 -0.7744855 0.0263774 -0.0150808 0.6318616
1721499950.541383 0.0483917 0.6190413 -0.2455936 -0.7760940 0.0280808 -0.0198368 0.6296794
1721499950.574724 0.0383617 0.6020936 -0.2410919 -0.7745677 0.0272249 -0.0220266 0.6315209
1721499950.608065 0.0285830 0.5856047 -0.2366934 -0.7726462 0.0261694 -0.0229892 0.6338804
1721499950.641406 0.0192033 0.5701777 -0.2336415 -0.7712786 0.0253283 -0.0232940 0.6355668
1721499950.674748 0.0104632 0.5546215 -0.2314406 -0.7702213 0.0249902 -0.0231238 0.6368673
1721499950.741430 -0.0015018 0.5224496 -0.2286916 -0.7674560 0.0251353 -0.0225774 0.6402108
1721499950.774770 -0.0084986 0.5083569 -0.2286759 -0.7671369 0.0254330 -0.0227418 0.6405755
1721499950.808111 -0.0136295 0.4936213 -0.2298361 -0.7673788 0.0257002 -0.0230614 0.6402637
1721499950.841452 -0.0179783 0.4784110 -0.2304832 -0.7673742 0.0262870 -0.0234938 0.6402296
1721499950.874793 -0.0214480 0.4633303 -0.2302105 -0.7667456 0.0270756 -0.0236448 0.6409439
1721499950.941475 -0.0203877 0.4247102 -0.2465966 -0.7648672 0.0291414 -0.0235810 0.6430964
1721499950.974816 -0.0214426 0.4139504 -0.2455906 -0.7632169 0.0295465 -0.0238331 0.6450265
1721499951.008157 -0.0230800 0.4032547 -0.2435126 -0.7614320 0.0296486 -0.0244671 0.6471041
1721499951.041498 -0.0250222 0.3941523 -0.2415743 -0.7623209 0.0290657 -0.0248102 0.6460700
1721499951.074839 -0.0273272 0.3859546 -0.2384332 -0.7633331 0.0291772 -0.0247429 0.6448714
1721499951.141521 -0.0320299 0.3691118 -0.2342870 -0.7664036 0.0299385 -0.0235927 0.6412275
1721499951.174862 -0.0360482 0.3610972 -0.2319577 -0.7696251 0.0299079 -0.0232190 0.6373726
1721499951.208202 -0.0397923 0.3543067 -0.2310941 -0.7727988 0.0303721 -0.0227792 0.6335146
1721499951.241543 -0.0374831 0.3400028 -0.2335559 -0.7735950 0.0312996 -0.0220450 0.6325229
1721499951.274884 -0.0398704 0.3341437 -0.2331650 -0.7732902 0.0323384 -0.0225232 0.6328264
1721499951.308225 -0.0424045 0.3287362 -0.2332781 -0.7734432 0.0327679 -0.0229434 0.6326023
1721499951.374907 -0.0490114 0.3198370 -0.2328160 -0.7736408 0.0332668 -0.0225283 0.6323494
1721499951.408248 -0.0530036 0.3157164 -0.2321998 -0.7737153 0.0333272 -0.0221576 0.6322682
1721499951.441589 -0.0564953 0.3127286 -0.2311528 -0.7741772 0.0340141 -0.0218415 0.6316770
1721499951.474930 -0.0602962 0.3106583 -0.2286939 -0.7731473 0.0352084 -0.0216539 0.6328782
1721499951.541612 -0.0660774 0.3071834 -0.2273139 -0.7722399 0.0346236 -0.0208219 0.6340452
1721499951.574953 -0.0634627 0.2947188 -0.2307810 -0.7714282 0.0326073 -0.0190890 0.6351935
1721499951.608294 -0.0676388 0.2948428 -0.2309939 -0.7710905 0.0289130 -0.0166226 0.6358516
1721499951.641634 -0.0742601 0.2963461 -0.2301977 -0.7711290 0.0227189 -0.0119105 0.6361620
1721499951.674975 -0.0818647 0.2983181 -0.2303701 -0.7721602 0.0128838 -0.0052359 0.6352758
1721499951.708315 -0.0915440 0.2997644 -0.2307449 -0.7737818 -0.0003231 0.0042153 0.6334381
1721499951.774997 -0.1157140 0.3049672 -0.2344804 -0.7775578 -0.0357673 0.0311239 0.6270215
1721499951.808338 -0.1291298 0.3070523 -0.2354072 -0.7788977 -0.0558737 0.0474767 0.6228504
1721499951.841679 -0.1443572 0.3086193 -0.2360010 -0.7792453 -0.0759634 0.0644722 0.6187485
1721499951.875019 -0.1518307 0.3049322 -0.2378166 -0.7785337 -0.0948601 0.0812938 0.6150432
1721499951.908360 -0.1673380 0.3080018 -0.2405380 -0.7773587 -0.1132850 0.0972569 0.6110820
1721499951.941701 -0.1840453 0.3122081 -0.2430948 -0.7754998 -0.1310751 0.1119057 0.6073686
1721499951.975042 -0.1999075 0.3158630 -0.2458563 -0.7731201 -0.1491040 0.1246978 0.6037416
1721499952.008382 -0.2166179 0.3196101 -0.2475748 -0.7701275 -0.1665821 0.1365905 0.6004142
1721499952.041723 -0.2329062 0.3241466 -0.2499142 -0.7663604 -0.1836026 0.1475886 0.5976617
1721499952.075064 -0.2514535 0.3287884 -0.2522171 -0.7615954 -0.1995799 0.1580973 0.5959409
1721499952.141744 -0.3235310 0.3371176 -0.2720026 -0.7542237 -0.2293585 0.1725091 0.5905777
1721499952.175085 -0.3424175 0.3423289 -0.2731839 -0.7492238 -0.2408552 0.1822023 0.5894530
1721499952.208426 -0.3607188 0.3478750 -0.2732797 -0.7448726 -0.2506671 0.1907114 0.5881837
1721499952.241766 -0.3791796 0.3538284 -0.2723917 -0.7412369 -0.2591483 0.1994153 0.5862113
1721499952.275107 -0.3957908 0.3598810 -0.2702278 -0.7372323 -0.2655102 0.2082229 0.5853513
1721499952.308448 -0.4122052 0.3665389 -0.2677295 -0.7313306 -0.2712891 0.2165993 0.5870628
1721499952.341789 -0.3939488 0.3637714 -0.2377891 -0.7276112 -0.2769378 0.2225338 0.5868272
1721499952.375129 -0.4091171 0.3716436 -0.2359219 -0.7224618 -0.2833424 0.2288165 0.5877152
1721499952.408470 -0.4239903 0.3806090 -0.2354067 -0.7197010 -0.2891098 0.2337456 0.5863523
1721499952.441811 -0.4381992 0.3903966 -0.2351403 -0.7173213 -0.2944603 0.2381712 0.5848230
1721499952.475151 -0.4526267 0.4016243 -0.2348511 -0.7139943 -0.2995977 0.2432913 0.5841771
1721499952.508492 -0.4666274 0.4140476 -0.2348240 -0.7103390 -0.3040001 0.2487177 0.5840737
1721499952.541832 -0.4802623 0.4270305 -0.2355973 -0.7074040 -0.3074195 0.2540984 0.5835298
1721499952.575172 -0.4919295 0.4414218 -0.2370877 -0.7050309 -0.3094115 0.2589853 0.5832003
1721499952.608513 -0.6010807 0.4172024 -0.2347541 -0.7050027 -0.3059714 0.2576085 0.5856541
1721499952.641854 -0.6168518 0.4315140 -0.2373258 -0.7015342 -0.3057679 0.2607942 0.5885085
1721499952.675195 -0.6338519 0.4465831 -0.2409459 -0.7001621 -0.3069633 0.2620277 0.5889720
1721499952.708535 -0.6525252 0.4625347 -0.2435399 -0.6985422 -0.3090544 0.2634825 0.5891528
1721499952.741877 -0.6712806 0.4788023 -0.2456923 -0.6971533 -0.3110237 0.2653649 0.5889169
1721499952.775217 -0.6903524 0.4945815 -0.2483394 -0.6983289 -0.3150088 0.2654150 0.5853726
1721499952.808558 -0.6627467 0.5629641 -0.2039704 -0.7019070 -0.3249033 0.2707472 0.5731146
1721499952.841899 -0.6857402 0.5798686 -0.2028766 -0.7015226 -0.3282014 0.2728253 0.5707154
1721499952.875240 -0.7097894 0.5967326 -0.2016487 -0.6987326 -0.3309458 0.2752692 0.5713795
1721499952.908581 -0.7351607 0.6144321 -0.2017266 -0.6959305 -0.3345397 0.2768047 0.5719643
1721499952.941922 -0.7609595 0.6323242 -0.2033801 -0.6933130 -0.3389179 0.2774884 0.5722342
1721499952.975263 -0.7875951 0.6508790 -0.2058175 -0.6911919 -0.3423661 0.2777888 0.5726017
1721499953.008603 -0.8163394 0.6704627 -0.2086024 -0.6892659 -0.3443159 0.2784510 0.5734320
1721499953.041944 -0.8151033 0.6756795 -0.2244847 -0.6856767 -0.3459392 0.2810598 0.5754816
1721499953.075285 -0.8474174 0.6951957 -0.2285597 -0.6853425 -0.3467042 0.2804650 0.5757094
1721499953.108626 -0.8808244 0.7151234 -0.2325113 -0.6869535 -0.3468256 0.2792556 0.5743024
1721499953.141967 -0.9153184 0.7359513 -0.2341456 -0.6919678 -0.3481017 0.2761668 0.5689796
1721499953.175308 -0.9503275 0.7574366 -0.2310815 -0.6909950 -0.3471813 0.2761840 0.5707131
1721499953.208648 -0.9849163 0.7790457 -0.2276926 -0.6888212 -0.3452939 0.2774611 0.5738578
1721499953.241989 -1.0168486 0.8024307 -0.2252898 -0.6908871 -0.3439906 0.2752686 0.5732127
1721499953.275330 -1.0488131 0.8260279 -0.2219970 -0.6929962 -0.3415420 0.2716798 0.5738428
1721499953.308671 -1.0296116 0.8425355 -0.1990052 -0.6919585 -0.3416663 0.2717416 0.5749906
1721499953.342012 -1.0625591 0.8656705 -0.1965570 -0.6904693 -0.3424649 0.2694546 0.5773770
1721499953.375353 -1.0945621 0.8892573 -0.1965559 -0.6905265 -0.3434689 0.2681647 0.5773128
1721499953.408694 -1.1258957 0.9143633 -0.1980696 -0.6907907 -0.3439053 0.2675914 0.5770028
1721499953.442034 -1.1573834 0.9392769 -0.2003422 -0.6902680 -0.3444722 0.2676002 0.5772861
1721499953.475375 -1.1891255 0.9661424 -0.2024845 -0.6887640 -0.3454059 0.2691750 0.5777922
1721499953.508716 -1.2215933 1.0144401 -0.2069186 -0.6880590 -0.3456429 0.2730175 0.5766865
1721499953.542056 -1.2528635 1.0443562 -0.2099556 -0.6894965 -0.3443308 0.2750319 0.5747942
1721499953.575397 -1.2841065 1.0748080 -0.2116002 -0.6880091 -0.3431772 0.2779627 0.5758556
1721499953.608738 -1.3159456 1.1060820 -0.2131846 -0.6840058 -0.3431822 0.2817446 0.5787764
1721499953.642079 -1.3485007 1.1371366 -0.2112470 -0.6817930 -0.3474335 0.2831558 0.5781619
1721499953.675420 -1.3809720 1.1682594 -0.2080699 -0.6751542 -0.3472022 0.2892677 0.5830451
1721499953.708761 -1.4131737 1.1985420 -0.2070504 -0.6749364 -0.3476235 0.2915875 0.5818897
1721499953.742102 -1.4348441 1.2315222 -0.2112546 -0.6792124 -0.3511854 0.2917761 0.5746357
1721499953.775442 -1.4671135 1.2599506 -0.2083266 -0.6824491 -0.3566189 0.2898104 0.5684155
1721499953.808783 -1.4990175 1.2874961 -0.2039347 -0.6833277 -0.3595856 0.2893018 0.5657437
1721499953.842124 -1.5313177 1.3145272 -0.1999450 -0.6834133 -0.3607647 0.2897745 0.5646467
1721499953.875464 -1.5643842 1.3407203 -0.1966259 -0.6829368 -0.3616019 0.2906643 0.5642303
1721499953.908804 -1.5977130 1.3663288 -0.1944652 -0.6812235 -0.3620238 0.2924011 0.5651327
1721499953.942145 -1.6369159 1.3729547 -0.1923060 -0.6789981 -0.3610313 0.2922562 0.5685107
1721499953.975486 -1.6711421 1.3966272 -0.1929846 -0.6730174 -0.3591335 0.2958428 0.5749328
1721499954.008827 -1.7059898 1.4199224 -0.1955104 -0.6664668 -0.3564439 0.2995660 0.5822628
1721499954.042167 -1.7417459 1.4427983 -0.2003782 -0.6618620 -0.3543568 0.3020309 0.5874923
1721499954.075508 -1.7778487 1.4652704 -0.2068880 -0.6585423 -0.3523822 0.3038389 0.5914649
1721499954.108849 -1.8148713 1.4883772 -0.2150993 -0.6600143 -0.3510360 0.3041645 0.5904566
1721499954.142190 -1.8522141 1.5121610 -0.2169189 -0.6619084 -0.3485262 0.3051615 0.5893075
1721499954.175530 -1.8895564 1.5355868 -0.2172444 -0.6617586 -0.3474331 0.3048923 0.5902597
1721499954.208871 -1.9850194 1.6090128 -0.1980553 -0.6636930 -0.3528405 0.3026634 0.5860121
1721499954.242212 -2.0210528 1.6337965 -0.1957228 -0.6666102 -0.3595914 0.2988473 0.5805300
1721499954.275552 -2.0547166 1.6588057 -0.1904175 -0.6691725 -0.3632514 0.2971675 0.5761493
1721499954.308893 -2.0869656 1.6843941 -0.1832428 -0.6687316 -0.3634345 0.2991223 0.5755339
1721499954.342233 -2.1189966 1.7099446 -0.1760862 -0.6667783 -0.3623207 0.3025547 0.5767071
1721499954.375573 -2.1506610 1.7364268 -0.1705794 -0.6653286 -0.3606256 0.3055389 0.5778693
1721499954.408914 -2.1828046 1.7643622 -0.1683822 -0.6651192 -0.3595995 0.3068245 0.5780688
1721499954.442255 -2.2148106 1.7924972 -0.1679287 -0.6646094 -0.3595040 0.3074247 0.5783955
1721499954.475595 -2.2371857 1.7946316 -0.1885848 -0.6601227 -0.3588817 0.3082035 0.5834831
1721499954.508936 -2.2680483 1.8228892 -0.1923368 -0.6537811 -0.3599637 0.3090898 0.5894574
1721499954.542277 -2.2994716 1.8508825 -0.1967669 -0.6443173 -0.3612396 0.3101667 0.5984629
1721499954.575617 -2.3302627 1.8788443 -0.2028906 -0.6344551 -0.3607679 0.3124719 0.6080088
1721499954.608958 -2.3616958 1.9069741 -0.2096372 -0.6330758 -0.3665671 0.3084875 0.6080124
1721499954.642299 -2.3930688 1.9348392 -0.2118866 -0.6255811 -0.3681072 0.3098524 0.6141148
1721499954.675639 -2.4184730 1.9878216 -0.2098067 -0.6268274 -0.3689744 0.3127207 0.6108610
1721499954.708980 -2.4471221 2.0141716 -0.2105982 -0.6322424 -0.3687050 0.3123969 0.6055860
1721499954.742321 -2.4764175 2.0384693 -0.2092783 -0.6383384 -0.3708704 0.3112523 0.5984156
1721499954.775661 -2.5045731 2.0610595 -0.2042398 -0.6411284 -0.3708614 0.3118246 0.5951318
1721499954.809001 -2.5326877 2.0823467 -0.1978476 -0.6419066 -0.3685815 0.3137158 0.5947151
1721499954.842342 -2.5611503 2.1022437 -0.1928110 -0.6436183 -0.3664212 0.3139069 0.5940989
1721499954.875683 -2.6335506 2.1408720 -0.1773155 -0.6466845 -0.3651057 0.3113084 0.5929453
1721499954.909024 -2.6630425 2.1598840 -0.1748943 -0.6479356 -0.3638231 0.3103541 0.5928681
1721499954.942364 -2.6934683 2.1780102 -0.1741321 -0.6476969 -0.3619442 0.3102940 0.5943087
1721499954.975705 -2.7244973 2.1958642 -0.1757123 -0.6466232 -0.3592742 0.3106757 0.5968929
1721499955.009046 -2.7553468 2.2125835 -0.1818242 -0.6485600 -0.3568488 0.3094174 0.5969001
1721499955.042387 -2.7861433 2.2291780 -0.1904652 -0.6531141 -0.3543877 0.3059707 0.5951751
1721499955.075728 -2.7976320 2.2270811 -0.2060673 -0.6540155 -0.3502712 0.3036674 0.5977959
1721499955.109069 -2.8260150 2.2414949 -0.2144394 -0.6572500 -0.3456765 0.2997001 0.5989240
1721499955.142409 -2.8534544 2.2564650 -0.2167375 -0.6589878 -0.3373185 0.2975205 0.6028539
1721499955.175750 -2.8800526 2.2713289 -0.2150664 -0.6571566 -0.3288451 0.2967277 0.6098842
1721499955.209090 -2.9384699 2.3090434 -0.2053766 -0.6584687 -0.3248771 0.2941036 0.6118635
1721499955.242431 -2.9623332 2.3251796 -0.2021224 -0.6619483 -0.3199078 0.2906598 0.6123727
1721499955.275771 -2.9841156 2.3425131 -0.1976969 -0.6666312 -0.3140265 0.2855643 0.6127342
1721499955.309112 -3.0076599 2.3711226 -0.1953652 -0.6688922 -0.3073287 0.2813270 0.6156196
1721499955.342453 -3.0245266 2.3894784 -0.1910980 -0.6717109 -0.2979420 0.2754453 0.6198104
1721499955.375794 -3.0399556 2.4147630 -0.1793265 -0.6776849 -0.2877257 0.2678985 0.6214400
1721499955.409134 -3.0535340 2.4338961 -0.1788507 -0.6818062 -0.2780869 0.2602934 0.6245441
1721499955.442475 -3.0655713 2.4521804 -0.1803837 -0.6856468 -0.2693974 0.2528860 0.6271860
1721499955.475816 -3.0661116 2.4645433 -0.1815786 -0.6893252 -0.2627876 0.2454579 0.6289070
1721499955.509156 -3.0749898 2.4814878 -0.1858728 -0.6917670 -0.2553633 0.2373635 0.6323816
1721499955.542497 -3.0824332 2.4986017 -0.1903999 -0.6944185 -0.2471474 0.2284008 0.6360300
1721499955.575838 -3.0887971 2.5165777 -0.1932616 -0.6995753 -0.2385042 0.2172491 0.6375838
1721499955.609179 -3.0936208 2.5349357 -0.1932023 -0.7022795 -0.2259314 0.2062308 0.6428277
1721499955.642519 -3.0969794 2.5535827 -0.1937711 -0.7075478 -0.2099656 0.1930189 0.6465558
1721499955.675859 -3.1396914 2.5817883 -0.1976712 -0.7137787 -0.1903158 0.1762925 0.6505543
1721499955.709200 -3.1405745 2.5996261 -0.1975923 -0.7184011 -0.1699673 0.1585006 0.6556589
1721499955.742541 -3.1398883 2.6174664 -0.1971450 -0.7224587 -0.1476707 0.1388694 0.6610312
1721499955.775882 -3.1383052 2.6351075 -0.1966276 -0.7259364 -0.1228524 0.1182495 0.6662888
1721499955.809222 -3.1332936 2.6431737 -0.1985018 -0.7284477 -0.0988858 0.0967429 0.6709892
1721499955.842563 -3.1310196 2.6590676 -0.1993976 -0.7316842 -0.0732546 0.0733920 0.6737104
1721499955.875904 -3.1285567 2.6741920 -0.2014585 -0.7348924 -0.0495633 0.0503602 0.6744928
1721499955.909245 -3.1219940 2.6794291 -0.2177942 -0.7360564 -0.0257907 0.0294506 0.6757872
1721499955.942585 -3.1182110 2.6910913 -0.2220225 -0.7383785 -0.0027424 0.0086258 0.6743258
1721499955.975926 -3.1143060 2.7016723 -0.2268424 -0.7397240 0.0200096 -0.0106023 0.6725293
1721499956.009267 -3.1055458 2.7120314 -0.2370095 -0.7399908 0.0432857 -0.0256703 0.6707318
1721499956.042608 -3.1003966 2.7205133 -0.2423244 -0.7407290 0.0647525 -0.0424625 0.6673265
1721499956.075948 -3.0948107 2.7283659 -0.2466192 -0.7396715 0.0846157 -0.0579311 0.6651092
1721499956.109288 -3.0884104 2.7360699 -0.2504280 -0.7372048 0.1023290 -0.0719746 0.6639860
1721499956.142629 -3.0951476 2.7193868 -0.2487800 -0.7342536 0.1194335 -0.0866632 0.6626438
1721499956.175970 -3.0880477 2.7249177 -0.2528906 -0.7324200 0.1324987 -0.0972178 0.6607221
1721499956.209310 -3.0796933 2.7301433 -0.2571921 -0.7312681 0.1443481 -0.1069278 0.6580099
1721499956.242651 -3.0704224 2.7351143 -0.2613788 -0.7297046 0.1549595 -0.1156172 0.6558593
1721499956.275992 -3.0669513 2.7631531 -0.2624966 -0.7296638 0.1652168 -0.1224353 0.6521532
1721499956.309333 -3.0550702 2.7686601 -0.2678390 -0.7272990 0.1724236 -0.1291848 0.6516269
1721499956.342673 -3.0425155 2.7745972 -0.2731031 -0.7251582 0.1770107 -0.1346666 0.6516731
1721499956.376014 -3.0290236 2.7815866 -0.2773559 -0.7231433 0.1795859 -0.1384885 0.6524061
1721499956.409355 -3.0139406 2.7900565 -0.2807269 -0.7204941 0.1812194 -0.1411255 0.6543175
1721499956.442696 -2.9978278 2.8000426 -0.2839773 -0.7186641 0.1833356 -0.1429881 0.6553354
1721499956.476036 -2.9711263 2.7858493 -0.2851899 -0.7207720 0.1858162 -0.1477795 0.6512460
1721499956.509377 -2.9534471 2.7993009 -0.2906990 -0.7233505 0.1868064 -0.1483351 0.6479692
1721499956.542717 -2.9350591 2.8144317 -0.2949131 -0.7264643 0.1892949 -0.1481442 0.6437938
1721499956.576057 -2.9160063 2.8311121 -0.2981808 -0.7286228 0.1920117 -0.1488033 0.6403890
1721499956.609398 -2.8956470 2.8497825 -0.3016104 -0.7314298 0.1938785 -0.1495619 0.6364377
1721499956.642739 -2.8759508 2.8702130 -0.3051932 -0.7336818 0.1946203 -0.1494497 0.6336393
1721499956.676079 -2.8481512 2.9598844 -0.2912412 -0.7368576 0.1912208 -0.1502138 0.6308022
1721499956.709420 -2.8279610 2.9839959 -0.2964528 -0.7360767 0.1906899 -0.1487135 0.6322285
1721499956.742760 -2.8071065 3.0101118 -0.3015945 -0.7344624 0.1899317 -0.1479426 0.6345108
1721499956.776100 -2.7861736 3.0383215 -0.3069174 -0.7330312 0.1893204 -0.1486540 0.6361800
1721499956.809440 -2.7649698 3.0688176 -0.3117545 -0.7328526 0.1894700 -0.1495037 0.6361422
1721499956.842780 -2.7425678 3.1021245 -0.3153002 -0.7330194 0.1900653 -0.1506192 0.6355090
1721499956.876120 -2.7197106 3.1368914 -0.3138659 -0.7321763 0.1918329 -0.1522411 0.6355633
1721499956.909460 -2.7486076 3.2203312 -0.2947760 -0.7224943 0.1951998 -0.1645802 0.6425048
1721499956.942800 -2.7250741 3.2539392 -0.2877994 -0.7143216 0.1924392 -0.1698052 0.6510593
1721499956.976140 -2.7018869 3.2860291 -0.2838979 -0.7147629 0.1914805 -0.1713734 0.6504464
1721499957.042819 -2.6532919 3.3465676 -0.2742860 -0.7181017 0.1936520 -0.1710831 0.6461884
1721499957.076159 -2.6273556 3.3758745 -0.2683022 -0.7171978 0.1941619 -0.1714441 0.6469432
1721499957.109499 -2.6007829 3.4041073 -0.2642801 -0.7167513 0.1965860 -0.1713006 0.6467440
1721499957.142839 -2.5738897 3.4323993 -0.2627378 -0.7173406 0.1992930 -0.1716363 0.6451710
1721499957.176179 -2.5711484 3.4946084 -0.2451172 -0.7195993 0.2002818 -0.1733418 0.6418853
1721499957.209519 -2.5452919 3.5250354 -0.2481384 -0.7193776 0.2001388 -0.1732596 0.6422004
1721499957.242859 -2.5169182 3.5561144 -0.2517755 -0.7183701 0.1977554 -0.1721213 0.6443691
1721499957.276199 -2.4875979 3.5869813 -0.2566779 -0.7191564 0.1950030 -0.1693126 0.6450746
1721499957.342878 -2.4260914 3.6471803 -0.2671237 -0.7213348 0.1893335 -0.1630445 0.6459455
1721499957.376219 -2.3959746 3.6772079 -0.2702529 -0.7234043 0.1851854 -0.1618854 0.6451247
1721499957.409558 -2.4099960 3.6927416 -0.2638984 -0.7237993 0.1786678 -0.1613106 0.6466616
1721499957.442897 -2.3806646 3.7216649 -0.2598419 -0.7205587 0.1734747 -0.1628388 0.6512951
1721499957.476237 -2.3512509 3.7509842 -0.2560904 -0.7198015 0.1724643 -0.1622483 0.6525469
1721499957.509577 -2.3228312 3.7812746 -0.2516811 -0.7215026 0.1733709 -0.1599032 0.6510051
1721499957.576257 -2.2715640 3.8418934 -0.2412481 -0.7248138 0.1729189 -0.1559553 0.6483996
1721499957.609597 -2.2457912 3.8735688 -0.2354131 -0.7223780 0.1732122 -0.1575315 0.6506547
1721499957.642936 -2.2205687 3.9046097 -0.2310553 -0.7197454 0.1732457 -0.1608928 0.6527374
1721499957.676276 -2.2074490 3.9122000 -0.2296093 -0.7188286 0.1703511 -0.1613137 0.6544036
1721499957.709617 -2.1823797 3.9440713 -0.2314279 -0.7181974 0.1712821 -0.1637074 0.6542591
1721499957.742958 -2.1575012 3.9772558 -0.2352469 -0.7176871 0.1729151 -0.1658849 0.6538408
1721499957.776299 -2.1332674 4.0109048 -0.2409580 -0.7184094 0.1758421 -0.1674352 0.6518689
1721499957.842981 -2.0868232 4.0778370 -0.2529404 -0.7173852 0.1844874 -0.1706818 0.6497620
1721499957.876321 -2.0591359 4.1420550 -0.2593355 -0.7199563 0.1913213 -0.1723433 0.6444820
1721499957.909662 -2.0359299 4.1737633 -0.2597039 -0.7180887 0.1976544 -0.1741219 0.6441762
1721499957.943003 -2.0133543 4.2042642 -0.2580557 -0.7142586 0.2013648 -0.1768080 0.6465492
1721499957.976344 -1.9905686 4.2345552 -0.2555375 -0.7157317 0.2026559 -0.1783207 0.6440966
1721499958.009685 -1.9682418 4.2642403 -0.2507739 -0.7175367 0.2031226 -0.1789957 0.6417499
1721499958.043026 -1.9462680 4.2926655 -0.2451386 -0.7183225 0.2031662 -0.1786959 0.6409400
1721499958.076367 -1.9084095 4.3176112 -0.2386041 -0.7173254 0.2001887 -0.1762235 0.6436722
1721499958.109709 -1.8867364 4.3429503 -0.2344661 -0.7137595 0.2007610 -0.1743646 0.6479502
1721499958.143049 -1.8638587 4.3685236 -0.2328520 -0.7105647 0.2026153 -0.1727860 0.6512986
1721499958.176391 -1.8413892 4.3938379 -0.2341237 -0.7091329 0.2039032 -0.1723495 0.6525716
1721499958.243073 -1.7964851 4.4451699 -0.2443106 -0.7094029 0.2023153 -0.1729872 0.6526037
1721499958.276414 -1.7725179 4.4738588 -0.2514489 -0.7105380 0.2011277 -0.1722797 0.6519227
1721499958.309755 -1.7273060 4.5134592 -0.2495720 -0.7113889 0.2013574 -0.1741572 0.6504232
1721499958.343095 -1.7037460 4.5404325 -0.2571383 -0.7109480 0.2000160 -0.1743563 0.6512653
1721499958.376436 -1.6803482 4.5686774 -0.2635655 -0.7164422 0.1975769 -0.1745387 0.6459181
1721499958.409777 -1.6569260 4.5961623 -0.2682838 -0.7181761 0.1935440 -0.1752407 0.6450229
1721499958.443118 -1.6342335 4.6239614 -0.2705970 -0.7193912 0.1919541 -0.1736339 0.6445783
1721499958.476460 -1.6130035 4.6512728 -0.2712698 -0.7216852 0.1919879 -0.1702162 0.6429134
1721499958.509801 -1.6003814 4.7096815 -0.2759657 -0.7244145 0.1922969 -0.1681608 0.6402870
1721499958.543142 -1.5830774 4.7350559 -0.2727499 -0.7276921 0.1897704 -0.1624826 0.6387886
1721499958.576483 -1.5677799 4.7596884 -0.2678361 -0.7292221 0.1865369 -0.1573242 0.6392874
1721499958.609824 -1.5541991 4.7841253 -0.2620044 -0.7296615 0.1819282 -0.1532186 0.6411086
1721499958.643165 -1.5427401 4.8079772 -0.2568603 -0.7299379 0.1761280 -0.1491471 0.6433700
1721499958.676506 -1.5603222 4.7924232 -0.2566161 -0.7306030 0.1652543 -0.1415772 0.6471988
1721499958.709847 -1.5528378 4.8130617 -0.2561302 -0.7300739 0.1575306 -0.1359333 0.6509212
1721499958.743189 -1.5470396 4.8336420 -0.2577915 -0.7302230 0.1493836 -0.1293934 0.6540002
1721499958.776529 -1.5435203 4.8534727 -0.2609854 -0.7312014 0.1409762 -0.1223776 0.6561205
1721499958.809870 -1.5411282 4.8729916 -0.2650819 -0.7326136 0.1319071 -0.1156693 0.6576462
1721499958.876552 -1.5388681 4.9104586 -0.2698178 -0.7370732 0.1139258 -0.1018770 0.6583048
1721499958.909893 -1.5035596 4.9762244 -0.2726154 -0.7370082 0.0997429 -0.0937530 0.6618767
1721499958.943234 -1.5040054 4.9922037 -0.2735105 -0.7391271 0.0868977 -0.0858610 0.6623955
1721499958.976575 -1.5057410 5.0067439 -0.2733397 -0.7410174 0.0717444 -0.0760685 0.6632946
1721499959.009917 -1.5075250 5.0204754 -0.2711816 -0.7416763 0.0529162 -0.0630497 0.6656884
1721499959.043258 -1.5109004 5.0327692 -0.2674508 -0.7407136 0.0322565 -0.0469804 0.6693996
1721499959.076599 -1.5146012 5.0434675 -0.2640233 -0.7400761 0.0102358 -0.0282919 0.6718498
1721499959.109940 -1.5184659 5.0531435 -0.2611222 -0.7401006 -0.0123162 -0.0076787 0.6723396
1721499959.143281 -1.5228707 5.0854430 -0.2413468 -0.7440917 -0.0263379 0.0086729 0.6675018
1721499959.176622 -1.5249755 5.0921950 -0.2408891 -0.7431130 -0.0496601 0.0294027 0.6666726
1721499959.209963 -1.5265440 5.0974402 -0.2406931 -0.7411229 -0.0734711 0.0504744 0.6654257
1721499959.243304 -1.5269070 5.1009741 -0.2410512 -0.7385524 -0.0972430 0.0713182 0.6633233
1721499959.276645 -1.5260017 5.1032677 -0.2410583 -0.7352564 -0.1211364 0.0922489 0.6604651
1721499959.309986 -1.5241060 5.1033940 -0.2411137 -0.7309105 -0.1443995 0.1131491 0.6573553
1721499959.343327 -1.4910467 5.1713829 -0.2260599 -0.7275388 -0.1661519 0.1320734 0.6524090
1721499959.376668 -1.4852105 5.1702704 -0.2337961 -0.7220148 -0.1863971 0.1522899 0.6486591
1721499959.410010 -1.4771180 5.1692820 -0.2346754 -0.7162272 -0.2045918 0.1708564 0.6449565
1721499959.443351 -1.4678652 5.1684146 -0.2357545 -0.7107907 -0.2218465 0.1874076 0.6406553
1721499959.476692 -1.4569256 5.1673417 -0.2366290 -0.7060126 -0.2380720 0.2015040 0.6358177
1721499959.510033 -1.4442084 5.1664128 -0.2373376 -0.7023786 -0.2526567 0.2133122 0.6303387
1721499959.543374 -1.4308112 5.1650386 -0.2370915 -0.6994981 -0.2651322 0.2236889 0.6247965
1721499959.576715 -1.4167180 5.1637287 -0.2356877 -0.6957818 -0.2754095 0.2335106 0.6208946
1721499959.610056 -1.4012833 5.1619320 -0.2338090 -0.6919424 -0.2835328 0.2429388 0.6179042
1721499959.643398 -1.3841418 5.1582909 -0.2328434 -0.6905637 -0.2903553 0.2508851 0.6130843
1721499959.676738 -1.3670771 5.1525917 -0.2325873 -0.6909325 -0.2957981 0.2575708 0.6072669
1721499959.710079 -1.3486443 5.1453476 -0.2330260 -0.6913319 -0.2994951 0.2631822 0.6025762
1721499959.743420 -1.3278759 5.1353412 -0.2334886 -0.6918707 -0.3022158 0.2676485 0.5986192
1721499959.776762 -1.3062068 5.1224837 -0.2341127 -0.6914963 -0.3047157 0.2711926 0.5961844
1721499959.810103 -1.2829185 5.1073074 -0.2344875 -0.6892679 -0.3068925 0.2742761 0.5962378
1721499959.843444 -1.2581874 5.0899129 -0.2361245 -0.6864046 -0.3081683 0.2769768 0.5976327
1721499959.876786 -1.2329724 5.0696831 -0.2391005 -0.6846293 -0.3092104 0.2784016 0.5984682
1721499959.910127 -1.2070783 5.0484619 -0.2431931 -0.6844442 -0.3107934 0.2788720 0.5976405
1721499959.943468 -1.1813880 5.0253434 -0.2470412 -0.6840940 -0.3122727 0.2788638 0.5972741
1721499959.976810 -1.1553503 5.0006232 -0.2500310 -0.6817511 -0.3127617 0.2798759 0.5992205
1721499960.010151 -1.1303042 4.9755111 -0.2517781 -0.6819432 -0.3133414 0.2811601 0.5980966
1721499960.043493 -1.1046622 4.9519429 -0.2514071 -0.6822292 -0.3139670 0.2828565 0.5966408
1721499960.076834 -1.0782726 4.9280429 -0.2493072 -0.6811859 -0.3151223 0.2853487 0.5960368
1721499960.110174 -1.0509694 4.9041462 -0.2466145 -0.6802853 -0.3152830 0.2888262 0.5953050
1721499960.143516 -1.0229592 4.8812566 -0.2422018 -0.6797064 -0.3137984 0.2925960 0.5949095
1721499960.176857 -0.9936732 4.8595853 -0.2377987 -0.6799049 -0.3120362 0.2957096 0.5940695
1721499960.210198 -0.9642824 4.8381901 -0.2336183 -0.6803802 -0.3109809 0.2978641 0.5930014
1721499960.243540 -0.9340986 4.8167853 -0.2300072 -0.6791009 -0.3093140 0.3006252 0.5939456
1721499960.276881 -0.9030823 4.7952471 -0.2274790 -0.6752775 -0.3075109 0.3043307 0.5973442
1721499960.310222 -0.8709778 4.7736058 -0.2258329 -0.6704393 -0.3054773 0.3086971 0.6015821
1721499960.343564 -0.8394506 4.7524762 -0.2261000 -0.6657668 -0.3053422 0.3127944 0.6047151
1721499960.376905 -0.8069286 4.7315116 -0.2297068 -0.6630256 -0.3088971 0.3156789 0.6044225
1721499960.410247 -0.7743254 4.7102442 -0.2347245 -0.6614893 -0.3149080 0.3179868 0.6017884
1721499960.443588 -0.7408733 4.6900730 -0.2416086 -0.6617143 -0.3228945 0.3199325 0.5962521
1721499960.476929 -0.7074409 4.6720943 -0.2449141 -0.6628816 -0.3299900 0.3236821 0.5890030
1721499960.510271 -0.6748192 4.6539941 -0.2459068 -0.6630031 -0.3322518 0.3310803 0.5834565
1721499960.543611 -0.6160789 4.9212885 -0.2878275 -0.6637245 -0.3322312 0.3385879 0.5783170
1721499960.576953 -0.5859666 4.9035120 -0.2872410 -0.6625391 -0.3347045 0.3433639 0.5754269
1721499960.610294 -0.5554035 4.8839092 -0.2891178 -0.6639689 -0.3389924 0.3453994 0.5700254
1721499960.643636 -0.5234673 4.8626018 -0.2918129 -0.6689680 -0.3450104 0.3431518 0.5618687
1721499960.676977 -0.4676278 4.8550148 -0.2686534 -0.6758599 -0.3506465 0.3342128 0.5554838
1721499960.710319 -0.4336116 4.8308973 -0.2684374 -0.6771393 -0.3531617 0.3312078 0.5541305
1721499960.743660 -0.3982584 4.8054714 -0.2673826 -0.6769314 -0.3525915 0.3288858 0.5561272
1721499960.777002 -0.3622689 4.7788000 -0.2666922 -0.6757994 -0.3515861 0.3260689 0.5597870
1721499960.810344 -0.3259864 4.7510085 -0.2668395 -0.6738952 -0.3517580 0.3229857 0.5637481
1721499960.843686 -0.2896819 4.7220712 -0.2675791 -0.6706445 -0.3518609 0.3222116 0.5679873
1721499960.877027 -0.2536156 4.6935234 -0.2702236 -0.6685413 -0.3505138 0.3233168 0.5706654
1721499960.910369 -0.2179468 4.6659646 -0.2716084 -0.6705352 -0.3488015 0.3231833 0.5694495
1721499960.943711 -0.1824152 4.6394644 -0.2712994 -0.6712640 -0.3461912 0.3227952 0.5704030
1721499960.977052 -0.1466746 4.6151676 -0.2695508 -0.6730329 -0.3426163 0.3217887 0.5710454
1721499961.010393 -0.1115236 4.5925226 -0.2635860 -0.6721099 -0.3385614 0.3217067 0.5745863
1721499961.043735 -0.0805862 4.5702143 -0.2661371 -0.6714556 -0.3340771 0.3211330 0.5782850
1721499961.077077 -0.0441048 4.5489869 -0.2572904 -0.6698798 -0.3311247 0.3225238 0.5810300
1721499961.110419 -0.0072050 4.5283852 -0.2499294 -0.6689356 -0.3289963 0.3237644 0.5826347
1721499961.143760 0.0298202 4.5083222 -0.2446241 -0.6686018 -0.3274160 0.3243600 0.5835761
1721499961.177102 0.0671568 4.4881392 -0.2411542 -0.6666731 -0.3261841 0.3251771 0.5860127
1721499961.210444 0.1036799 4.4682407 -0.2398639 -0.6634007 -0.3259762 0.3267796 0.5889433
1721499961.243786 0.1404741 4.4486752 -0.2409244 -0.6599819 -0.3269821 0.3287522 0.5911248
1721499961.277128 0.1766191 4.4305253 -0.2435696 -0.6572298 -0.3283102 0.3310372 0.5921789
1721499961.310469 0.2146950 4.4143248 -0.2419045 -0.6547220 -0.3282322 0.3323771 0.5942460
1721499961.343811 0.2511451 4.3982749 -0.2455208 -0.6526707 -0.3290331 0.3331496 0.5956253
1721499961.377153 0.2860975 4.3830605 -0.2474294 -0.6522025 -0.3326287 0.3321745 0.5946850
1721499961.410495 0.3190417 4.3679881 -0.2476153 -0.6479561 -0.3350149 0.3342964 0.5967947
1721499961.443835 0.3503420 4.3519764 -0.2498243 -0.6492928 -0.3403416 0.3346632 0.5921040
1721499961.477177 0.3799164 4.3358011 -0.2486448 -0.6510240 -0.3443781 0.3365062 0.5868007
1721499961.510519 0.4078181 4.3185821 -0.2438571 -0.6489401 -0.3453596 0.3417327 0.5855104
1721499961.543861 0.4213221 4.2980518 -0.2315226 -0.6498447 -0.3458671 0.3431560 0.5833711
1721499961.577203 0.4476104 4.2789679 -0.2307520 -0.6535019 -0.3485075 0.3432044 0.5776580
1721499961.610545 0.4746749 4.2585201 -0.2318835 -0.6586894 -0.3507195 0.3409509 0.5717313
1721499961.643887 0.5023918 4.2370701 -0.2329149 -0.6615421 -0.3506240 0.3392237 0.5695193
1721499961.677228 0.5304346 4.2149725 -0.2340615 -0.6618659 -0.3479508 0.3379282 0.5715491
1721499961.710570 0.5588868 4.1915283 -0.2368517 -0.6620517 -0.3457845 0.3345798 0.5746103
1721499961.743911 0.5874770 4.1669612 -0.2409809 -0.6633127 -0.3442983 0.3294491 0.5770080
1721499961.777252 0.6155751 4.1406698 -0.2457051 -0.6641234 -0.3426505 0.3244095 0.5799046
1721499961.810593 0.6433856 4.1144524 -0.2520316 -0.6646602 -0.3413880 0.3190444 0.5830024
1721499961.843934 0.6708872 4.0869284 -0.2598150 -0.6665764 -0.3413131 0.3131612 0.5840474
1721499961.877274 0.7109995 4.0624638 -0.2612541 -0.6695246 -0.3419967 0.3085070 0.5827509
1721499961.910615 0.7357843 4.0359712 -0.2638679 -0.6686238 -0.3429838 0.3054451 0.5848143
1721499961.943956 0.7606735 4.0106406 -0.2660334 -0.6687347 -0.3446980 0.3032542 0.5848196
1721499961.977297 0.7844369 3.9869175 -0.2668123 -0.6694572 -0.3464362 0.3021095 0.5835571
1721499962.010638 0.8073020 3.9660654 -0.2644269 -0.6710821 -0.3487912 0.3007427 0.5809883
1721499962.043979 0.8293729 3.9470949 -0.2576542 -0.6685532 -0.3486985 0.3018063 0.5834029
1721499962.077320 0.8507812 3.9294872 -0.2518554 -0.6683246 -0.3493243 0.3020641 0.5831570
1721499962.110661 0.8711436 3.9128928 -0.2458673 -0.6691292 -0.3501632 0.3022433 0.5816363
1721499962.144001 0.8906736 3.8969097 -0.2399263 -0.6681055 -0.3502301 0.3030571 0.5823491
1721499962.177343 0.9087679 3.8818808 -0.2356987 -0.6661599 -0.3498389 0.3037287 0.5844593
1721499962.210683 0.9256923 3.8665438 -0.2320726 -0.6637825 -0.3502380 0.3047902 0.5863694
1721499962.244025 0.9425251 3.8517573 -0.2305717 -0.6620291 -0.3521217 0.3058276 0.5866833
1721499962.277365 0.9581985 3.8365824 -0.2300606 -0.6611128 -0.3551411 0.3070718 0.5852450
1721499962.310706 0.9404271 3.8267326 -0.2333710 -0.6596612 -0.3566624 0.3094335 0.5847136
1721499962.344046 0.9543271 3.8145978 -0.2350037 -0.6567603 -0.3618900 0.3115427 0.5836460
1721499962.377387 0.9669464 3.8030703 -0.2343960 -0.6526859 -0.3681258 0.3146428 0.5826530
1721499962.410728 0.9786921 3.7920146 -0.2319109 -0.6456404 -0.3712084 0.3200460 0.5855967
1721499962.444069 0.9897885 3.7812805 -0.2312896 -0.6400372 -0.3737404 0.3231578 0.5884213
1721499962.477410 1.0001056 3.7684989 -0.2330103 -0.6371344 -0.3791383 0.3244751 0.5873923
1721499962.510751 1.0089459 3.7541552 -0.2329245 -0.6355308 -0.3835714 0.3272874 0.5846852
1721499962.544092 1.0156651 3.7394996 -0.2310829 -0.6364596 -0.3843541 0.3309090 0.5811113
1721499962.577433 1.0202649 3.7240891 -0.2292418 -0.6399903 -0.3825983 0.3333704 0.5769707
1721499962.610774 1.0233059 3.7066050 -0.2270153 -0.6434909 -0.3809870 0.3339197 0.5738171
1721499962.644115 1.0268621 3.6877813 -0.2256083 -0.6446388 -0.3806126 0.3334368 0.5730574
1721499962.677456 1.0272038 3.6660202 -0.2243395 -0.6444799 -0.3804599 0.3322555 0.5740229
1721499962.710797 1.0258288 3.5984540 -0.2386181 -0.6426796 -0.3796272 0.3267978 0.5796977
1721499962.744138 1.0225117 3.5738084 -0.2401128 -0.6400000 -0.3803720 0.3234861 0.5840153
1721499962.777478 1.0172212 3.5474739 -0.2424746 -0.6378915 -0.3801370 0.3198864 0.5884412
1721499962.810819 1.0103095 3.5196123 -0.2452798 -0.6362894 -0.3786448 0.3176118 0.5923570
1721499962.844160 1.0022746 3.4897556 -0.2483554 -0.6355562 -0.3761742 0.3176086 0.5947152
1721499962.877501 0.9916236 3.4593565 -0.2518222 -0.6358114 -0.3723440 0.3196528 0.5957566
1721499962.910842 0.9804336 3.4274809 -0.2556574 -0.6365203 -0.3674508 0.3225718 0.5964641
1721499962.944183 0.9669728 3.3949451 -0.2597783 -0.6429510 -0.3641326 0.3229524 0.5913740
1721499962.977524 0.9454947 3.3393345 -0.2646873 -0.6462873 -0.3551617 0.3242787 0.5924662
1721499963.010865 0.9311417 3.3067570 -0.2635086 -0.6496340 -0.3481715 0.3244437 0.5928648
1721499963.044206 0.9157859 3.2758498 -0.2609138 -0.6538628 -0.3411555 0.3244415 0.5922956
1721499963.077547 0.9002371 3.2459316 -0.2570512 -0.6587180 -0.3350418 0.3224181 0.5915101
1721499963.110888 0.8835312 3.2178102 -0.2520230 -0.6631578 -0.3310633 0.3183464 0.5909945
1721499963.144229 0.8656472 3.1910305 -0.2477314 -0.6672088 -0.3287886 0.3137963 0.5901377
1721499963.177570 0.8475900 3.1634974 -0.2441282 -0.6706832 -0.3276047 0.3091384 0.5893155
1721499963.210910 0.8255477 3.1388628 -0.2312896 -0.6729203 -0.3280846 0.3043981 0.5889658
1721499963.244251 0.8066584 3.1109452 -0.2298577 -0.6719634 -0.3289571 0.3008321 0.5913988
1721499963.277592 0.7863874 3.0833800 -0.2298055 -0.6697663 -0.3318531 0.2984770 0.5934629
1721499963.344274 0.7442452 3.0266988 -0.2339859 -0.6643549 -0.3431303 0.3001056 0.5923098
1721499963.377615 0.7222179 2.9994333 -0.2369351 -0.6615459 -0.3494633 0.3032866 0.5901269
1721499963.410956 0.6998084 2.9716449 -0.2406089 -0.6590765 -0.3553593 0.3072029 0.5873367
1721499963.444297 0.6761661 2.9440672 -0.2438011 -0.6566384 -0.3616279 0.3108514 0.5843139
1721499963.477638 0.6641762 2.9258649 -0.2572145 -0.6531144 -0.3702917 0.3147565 0.5807357
1721499963.510979 0.6419933 2.8987436 -0.2548811 -0.6498362 -0.3763795 0.3185196 0.5784432
1721499963.544320 0.6211162 2.8724577 -0.2506673 -0.6391216 -0.3765840 0.3235043 0.5874122
1721499963.577661 0.5999799 2.8473980 -0.2493151 -0.6373836 -0.3771254 0.3246481 0.5883216
1721499963.611002 0.5795624 2.8220887 -0.2455952 -0.6386162 -0.3759023 0.3257656 0.5871487
1721499963.644343 0.5590298 2.7964261 -0.2415928 -0.6396070 -0.3721346 0.3264532 0.5880876
1721499963.677683 0.5381540 2.7706099 -0.2391520 -0.6429083 -0.3693937 0.3242607 0.5874285
1721499963.711024 0.5175804 2.7424099 -0.2382827 -0.6454101 -0.3690182 0.3206754 0.5868890
1721499963.744365 0.4695383 2.6798663 -0.2277095 -0.6465862 -0.3669935 0.3160827 0.5893503
1721499963.777706 0.4506090 2.6490955 -0.2273970 -0.6441611 -0.3662717 0.3166523 0.5921426
1721499963.811047 0.4328457 2.6173353 -0.2287395 -0.6423321 -0.3650199 0.3182597 0.5940377
1721499963.844388 2.8936999 0.1464798 -0.5154823 -0.7358378 0.0386622 -0.0502721 0.6741816
1721499963.911070 2.8136737 0.1482783 -0.5231213 -0.7325157 0.0384685 -0.0501627 0.6778088
1721499963.944411 2.7714796 0.1486512 -0.5278959 -0.7318407 0.0373317 -0.0484791 0.6787234
1721499963.977752 2.7286513 0.1499791 -0.5330876 -0.7384893 0.0390025 -0.0439971 0.6716968
1721499964.011093 2.6856418 0.1523390 -0.5346264 -0.7411986 0.0415188 -0.0398683 0.6688134
1721499964.077775 2.6005290 0.1579692 -0.5320318 -0.7435287 0.0455139 -0.0327777 0.6663477
1721499964.111115 2.5602286 0.1618470 -0.5277821 -0.7438186 0.0473602 -0.0339976 0.6658341
1721499964.144457 2.5212100 0.1668239 -0.5220861 -0.7435820 0.0470084 -0.0373049 0.6659462
1721499964.177798 2.4814539 0.1707110 -0.5172055 -0.7429122 0.0450552 -0.0390600 0.6667278
1721499964.211138 2.4433696 0.1770892 -0.5126934 -0.7415932 0.0434635 -0.0386131 0.6683259
1721499964.277821 2.3712230 0.1886581 -0.5109295 -0.7390394 0.0424713 -0.0383847 0.6712255
1721499964.311162 2.3371325 0.1945856 -0.5127141 -0.7383937 0.0428249 -0.0387676 0.6718914
1721499964.344503 2.2403805 0.1860321 -0.4995989 -0.7323812 0.0413534 -0.0484697 0.6779074
1721499964.377844 2.2110319 0.1946497 -0.5036873 -0.7319267 0.0410943 -0.0479058 0.6784538
1721499964.444526 2.1448562 0.2121224 -0.5140852 -0.7320314 0.0391987 -0.0420310 0.6788424
1721499964.477867 2.1154473 0.2221651 -0.5194569 -0.7321830 0.0349363 -0.0374126 0.6791818
1721499964.511208 2.0821905 0.2323443 -0.5188117 -0.7371934 0.0317341 -0.0307320 0.6742361
1721499964.577889 2.0225601 0.2523594 -0.5225480 -0.7311289 0.0337693 -0.0201916 0.6811039
1721499964.611230 1.9947163 0.2598081 -0.5234715 -0.7358918 0.0337299 -0.0192522 0.6759844
1721499964.644571 1.9651918 0.2684546 -0.5190561 -0.7377619 0.0285781 -0.0205311 0.6741434
1721499964.677912 1.9374514 0.2737117 -0.5154079 -0.7388259 0.0262295 -0.0190393 0.6731166
1721499964.711253 1.9099559 0.2782069 -0.5132098 -0.7389711 0.0262720 -0.0183144 0.6729755
1721499964.777939 1.9033939 0.2965612 -0.4436283 -0.7449638 0.0277593 -0.0150095 0.6663582
1721499964.811281 1.8718060 0.2965674 -0.4443537 -0.7437882 0.0284652 -0.0180113 0.6675661
1721499964.844624 1.8398216 0.2979428 -0.4465593 -0.7429017 0.0324402 -0.0210440 0.6682827
1721499964.911309 1.7709192 0.2980877 -0.4561348 -0.7415909 0.0422052 -0.0279639 0.6689393
1721499964.944651 1.7367325 0.2976140 -0.4616634 -0.7410171 0.0463063 -0.0311910 0.6691611
1721499964.977994 1.6986408 0.2975504 -0.4657120 -0.7405210 0.0504209 -0.0341498 0.6692685
1721499965.011335 1.6626563 0.2973564 -0.4675332 -0.7445889 0.0549321 -0.0353815 0.6643178
1721499965.044678 1.6253353 0.2972091 -0.4666490 -0.7457900 0.0605701 -0.0367827 0.6624014
1721499965.078021 1.5871124 0.2992260 -0.4619008 -0.7458444 0.0658939 -0.0387914 0.6617171
1721499965.144706 1.5190989 0.3021110 -0.4514790 -0.7469016 0.0824756 -0.0405539 0.6585525
1721499965.178049 1.4874905 0.3029892 -0.4434590 -0.7471665 0.0898536 -0.0443996 0.6570368
1721499965.211391 1.4574211 0.3046678 -0.4340780 -0.7457867 0.0935098 -0.0502375 0.6576734
1721499965.244734 1.4199815 0.2759675 -0.4507023 -0.7425571 0.0947627 -0.0540977 0.6608347
1721499965.278077 1.3905292 0.2817901 -0.4462695 -0.7407514 0.0956300 -0.0572472 0.6624689
1721499965.311419 1.3634865 0.2875931 -0.4429182 -0.7392578 0.0953537 -0.0597553 0.6639541
1721499965.378105 1.3109347 0.2966510 -0.4395005 -0.7358739 0.0941241 -0.0627908 0.6675984
1721499965.411447 1.2893069 0.3037834 -0.4369963 -0.7347206 0.0931749 -0.0636906 0.6689153
1721499965.444789 1.2696058 0.3118819 -0.4337171 -0.7344999 0.0921265 -0.0636818 0.6693036
1721499965.478132 1.2479917 0.3204250 -0.4347915 -0.7344516 0.0913266 -0.0624695 0.6695805
1721499965.511475 1.2247497 0.3283786 -0.4354600 -0.7336923 0.0904699 -0.0603433 0.6707232
1721499965.544817 1.2016600 0.3350396 -0.4366325 -0.7344131 0.0885993 -0.0572660 0.6704538
1721499965.578160 1.1790000 0.3424169 -0.4373268 -0.7329357 0.0842059 -0.0539968 0.6729035
1721499965.644846 1.1350716 0.3505412 -0.4301232 -0.7274581 0.0728283 -0.0474642 0.6806232
1721499965.678189 1.1149747 0.3533281 -0.4246681 -0.7263425 0.0695980 -0.0450995 0.6823114
1721499965.711530 1.0724882 0.3533575 -0.4618091 -0.7254215 0.0693162 -0.0453466 0.6833028
1721499965.744872 1.0559103 0.3551830 -0.4557714 -0.7265888 0.0695799 -0.0455110 0.6820236
1721499965.778213 1.0391656 0.3553868 -0.4512078 -0.7269565 0.0708516 -0.0482648 0.6813111
1721499965.811554 1.0249016 0.3555008 -0.4447254 -0.7247503 0.0737982 -0.0515862 0.6831031
1721499965.878236 0.9953819 0.3531968 -0.4426459 -0.7188668 0.0816642 -0.0598510 0.6877350
1721499965.911577 0.9827009 0.3534179 -0.4445005 -0.7197062 0.0870535 -0.0634533 0.6858705
1721499965.944918 0.9739183 0.3527082 -0.4494598 -0.7206725 0.0923186 -0.0671795 0.6838095
1721499965.978260 0.9636714 0.3534828 -0.4522699 -0.7225726 0.0970690 -0.0705961 0.6807957
1721499966.011601 0.9550755 0.3542709 -0.4517514 -0.7231294 0.1025847 -0.0723705 0.6792075
1721499966.078284 0.9422238 0.3552638 -0.4500515 -0.7193030 0.1116003 -0.0718875 0.6818951
1721499966.111625 0.9396981 0.3574701 -0.4481545 -0.7197585 0.1142553 -0.0649692 0.6816690
1721499966.144966 0.9296684 0.3512461 -0.4101929 -0.7236969 0.1169929 -0.0537685 0.6780004
1721499966.178307 0.9336127 0.3533905 -0.4078690 -0.7235054 0.1166781 -0.0435829 0.6789896
1721499966.211649 0.9408778 0.3552359 -0.4043234 -0.7219015 0.1155915 -0.0355398 0.6813471
1721499966.244990 0.9508688 0.3558340 -0.4026383 -0.7205583 0.1144727 -0.0304710 0.6832008
1721499966.311673 0.9754897 0.3541266 -0.4021530 -0.7187527 0.1133289 -0.0275377 0.6854144
1721499966.345013 0.9941244 0.3528262 -0.4021797 -0.7193580 0.1125897 -0.0285336 0.6848602
1721499966.378354 1.0125183 0.3510037 -0.4049212 -0.7205834 0.1111645 -0.0303026 0.6837279
1721499966.411695 1.0352775 0.3492532 -0.4072477 -0.7215919 0.1088936 -0.0320825 0.6829481
1721499966.478378 1.0889484 0.3407665 -0.4161135 -0.7239164 0.1051057 -0.0336886 0.6810015
1721499966.511719 1.1208060 0.3363116 -0.4192215 -0.7260287 0.1024511 -0.0334292 0.6791676
1721499966.545061 1.1417884 0.3438788 -0.4258479 -0.7285305 0.0991724 -0.0334352 0.6769713
1721499966.578402 1.1769286 0.3382726 -0.4313663 -0.7316920 0.0933951 -0.0316803 0.6744633
1721499966.645085 1.2523608 0.3225932 -0.4382435 -0.7403039 0.0825845 -0.0320263 0.6664115
1721499966.678426 1.2931581 0.3153219 -0.4368895 -0.7405354 0.0802668 -0.0357039 0.6662506
1721499966.711768 1.3360261 0.3077756 -0.4327199 -0.7410105 0.0820333 -0.0406208 0.6652248
1721499966.745109 1.3766674 0.3028352 -0.4275481 -0.7413843 0.0849053 -0.0449422 0.6641691
1721499966.778450 1.4166728 0.2989448 -0.4203518 -0.7421352 0.0879365 -0.0475000 0.6627566
1721499966.811792 1.4546130 0.2956517 -0.4126434 -0.7424262 0.0906937 -0.0498353 0.6618872
1721499966.878476 1.5273896 0.2909029 -0.4007334 -0.7397163 0.0938042 -0.0531368 0.6642267
1721499966.911818 1.5647784 0.2898678 -0.3938841 -0.7378900 0.0954432 -0.0535648 0.6659878
1721499966.945160 1.6003450 0.2879869 -0.3906867 -0.7361577 0.0974262 -0.0536420 0.6676096
1721499966.978502 1.6074808 0.2844625 -0.4127000 -0.7328765 0.1002833 -0.0564140 0.6705616
1721499967.045186 1.6742117 0.2915093 -0.4153283 -0.7301136 0.1044727 -0.0585065 0.6727530
1721499967.078527 1.7070699 0.2968147 -0.4178632 -0.7309313 0.1082961 -0.0601452 0.6711141
1721499967.111869 1.7400690 0.3025781 -0.4195955 -0.7329547 0.1130390 -0.0610646 0.6680350
1721499967.145211 1.7737259 0.3072770 -0.4195524 -0.7344609 0.1192347 -0.0615964 0.6652489
1721499967.211894 1.8395779 0.3149211 -0.4082268 -0.7319020 0.1241308 -0.0691121 0.6664342
1721499967.245236 1.8753711 0.3188469 -0.4024976 -0.7313486 0.1233873 -0.0729076 0.6667753
1721499967.278578 1.9088609 0.3198540 -0.3961024 -0.7331746 0.1244088 -0.0750262 0.6643407
1721499967.345262 1.9724567 0.3225574 -0.3862194 -0.7341513 0.1188853 -0.0812556 0.6635403
1721499967.378604 2.0070570 0.3221604 -0.3825188 -0.7330316 0.1147017 -0.0822070 0.6653948
1721499967.445288 2.0765502 0.3152584 -0.3827938 -0.7309468 0.1121106 -0.0790047 0.6685106
1721499967.478630 2.1147981 0.3109127 -0.3849391 -0.7293695 0.1106081 -0.0764245 0.6707797
1721499967.511972 2.1376331 0.2930200 -0.3915459 -0.7286895 0.1089113 -0.0741846 0.6720467
1721499967.545314 2.1752527 0.2869127 -0.3955626 -0.7286116 0.1062506 -0.0706388 0.6729385
1721499967.611998 2.2544005 0.2700155 -0.4030768 -0.7271242 0.0995555 -0.0645362 0.6761762
1721499967.645340 2.2970386 0.2597293 -0.4073383 -0.7271667 0.0960575 -0.0625136 0.6768262
1721499967.678681 2.3364100 0.2498444 -0.4088079 -0.7334212 0.0896581 -0.0612185 0.6710493
1721499967.745363 2.4210825 0.2281216 -0.4050035 -0.7374461 0.0780117 -0.0603586 0.6681649
1721499967.778704 2.4627974 0.2190820 -0.4011425 -0.7402777 0.0717456 -0.0588586 0.6658657
1721499967.812045 2.5011818 0.2099531 -0.3970732 -0.7415182 0.0663332 -0.0542419 0.6654387
1721499967.878726 2.5792878 0.1947284 -0.3846121 -0.7403209 0.0618351 -0.0468830 0.6677601
1721499967.912067 2.6165872 0.1871050 -0.3815736 -0.7389789 0.0602342 -0.0457497 0.6694693
1721499967.945407 2.6553025 0.1801216 -0.3801728 -0.7372169 0.0574744 -0.0449471 0.6717050
1721499967.978748 2.7094269 0.1666528 -0.3772876 -0.7357818 0.0533109 -0.0428387 0.6737567
1721499968.012089 2.7468262 0.1628986 -0.3801382 -0.7353837 0.0524953 -0.0400188 0.6744283
1721499968.078770 2.8219247 0.1538422 -0.3915455 -0.7380941 0.0535678 -0.0361161 0.6715976
1721499968.112110 2.8602030 0.1505994 -0.3987497 -0.7399667 0.0543148 -0.0369327 0.6694291
1721499968.145451 2.8984754 0.1471420 -0.4036215 -0.7393142 0.0559988 -0.0386388 0.6699147
1721499968.178792 2.9367537 0.1462069 -0.4099779 -0.7405761 0.0605054 -0.0410939 0.6679801
1721499968.212132 2.9767141 0.1461864 -0.4100194 -0.7434906 0.0630598 -0.0471222 0.6640970
1721499968.245473 3.0157204 0.1460836 -0.4113931 -0.7418174 0.0640848 -0.0549003 0.6652715
1721499968.312154 3.0903537 0.1410358 -0.4098931 -0.7498721 0.0650053 -0.0642625 0.6552378
1721499968.345495 3.1268587 0.1359397 -0.4071521 -0.7503688 0.0661459 -0.0654675 0.6544352
1721499968.378835 3.1635878 0.1291226 -0.4042134 -0.7488798 0.0668290 -0.0655991 0.6560562
1721499968.445517 3.2369778 0.1128486 -0.3981313 -0.7406412 0.0703811 -0.0628236 0.6652446
1721499968.478858 3.2683907 0.1026345 -0.3829656 -0.7375379 0.0721313 -0.0626000 0.6685178
1721499968.512198 3.3075809 0.0931150 -0.3853372 -0.7339725 0.0731418 -0.0617219 0.6724024
1721499968.578878 3.3873856 0.0698177 -0.3939454 -0.7285906 0.0697279 -0.0627107 0.6784992
1721499968.612219 3.4295423 0.0585998 -0.4002843 -0.7262807 0.0676903 -0.0636959 0.6810854
1721499968.645560 3.4737742 0.0442014 -0.4086958 -0.7234376 0.0653244 -0.0646164 0.6842482
1721499968.678900 3.5178094 0.0307065 -0.4182399 -0.7293160 0.0616181 -0.0661156 0.6781815
1721499968.745582 3.6091549 0.0073098 -0.4265123 -0.7317477 0.0662519 -0.0680709 0.6749240
1721499968.778922 3.6496384 -0.0030183 -0.4255486 -0.7327738 0.0651660 -0.0719252 0.6735152
1721499968.812263 3.6846514 -0.0119298 -0.4235046 -0.7329422 0.0599228 -0.0717368 0.6738389
1721499968.878945 3.7544563 -0.0257077 -0.4093895 -0.7299528 0.0565902 -0.0640994 0.6781282
1721499968.912285 3.8009388 -0.0455704 -0.4140913 -0.7269179 0.0553988 -0.0609506 0.6817672
1721499968.945626 3.8308325 -0.0477657 -0.4073576 -0.7247491 0.0548272 -0.0596563 0.6842323
1721499969.012306 3.8874955 -0.0476867 -0.4008784 -0.7208008 0.0540570 -0.0591028 0.6884991
1721499969.045647 3.9127636 -0.0462642 -0.4011092 -0.7201569 0.0543953 -0.0583979 0.6892061
1721499969.078988 3.9371271 -0.0443636 -0.4042479 -0.7202507 0.0552810 -0.0584099 0.6890365
1721499969.145669 3.9843712 -0.0383416 -0.4156486 -0.7223657 0.0569931 -0.0616362 0.6863968
1721499969.179010 4.0028048 -0.0363603 -0.4222229 -0.7231821 0.0591638 -0.0635055 0.6851820
1721499969.212351 4.0242200 -0.0326796 -0.4272670 -0.7238245 0.0635040 -0.0640960 0.6840593
1721499969.279032 4.0686688 -0.0234828 -0.4306816 -0.7247581 0.0726403 -0.0663499 0.6819434
1721499969.312373 4.0886564 -0.0189461 -0.4311154 -0.7280211 0.0751901 -0.0676945 0.6780482
1721499969.379054 4.1296902 -0.0106233 -0.4256074 -0.7322876 0.0790668 -0.0676747 0.6729958
1721499969.412395 4.1481876 -0.0067195 -0.4213083 -0.7313713 0.0803031 -0.0695673 0.6736525
1721499969.445735 4.1696420 -0.0145118 -0.4378810 -0.7281657 0.0799970 -0.0706239 0.6770432
1721499969.512416 4.2093029 -0.0034408 -0.4353572 -0.7258140 0.0803173 -0.0692978 0.6796624
1721499969.545757 4.2287517 0.0047325 -0.4355445 -0.7256541 0.0796567 -0.0673441 0.6801072
1721499969.579097 4.2464051 0.0127272 -0.4362874 -0.7260773 0.0769889 -0.0648888 0.6802015
1721499969.645779 4.2833447 0.0304189 -0.4411479 -0.7282922 0.0673860 -0.0588822 0.6793987
1721499969.679119 4.3010554 0.0410671 -0.4426406 -0.7290081 0.0631289 -0.0553229 0.6793389
1721499969.712460 4.3190317 0.0540133 -0.4442372 -0.7307194 0.0619746 -0.0506113 0.6779726
1721499969.745801 4.3377047 0.0679178 -0.4427031 -0.7296676 0.0636743 -0.0468118 0.6792198
1721499969.812483 4.3710985 0.1033961 -0.4425851 -0.7303404 0.0691973 -0.0418468 0.6782799
1721499969.845824 4.3855820 0.1245193 -0.4410948 -0.7306793 0.0701120 -0.0414594 0.6778445
1721499969.912505 4.4088302 0.1710972 -0.4432400 -0.7317861 0.0684234 -0.0443997 0.6766359
1721499969.945846 4.4195828 0.1833063 -0.4469702 -0.7303361 0.0640729 -0.0482486 0.6783627
1721499970.012528 4.4391141 0.2425835 -0.4558731 -0.7244384 0.0609240 -0.0532703 0.6845726
1721499970.045869 4.4471192 0.2777060 -0.4591663 -0.7207159 0.0607619 -0.0556951 0.6883129
1721499970.079210 4.4535780 0.3136984 -0.4611223 -0.7173167 0.0614398 -0.0580961 0.6915972
1721499970.145892 4.4655786 0.3925442 -0.4616002 -0.7138150 0.0651556 -0.0617564 0.6945567
1721499970.179233 4.4710135 0.4348972 -0.4513451 -0.7057722 0.0664351 -0.0652531 0.7022921
1721499970.212574 4.4759526 0.4778471 -0.4403668 -0.6990115 0.0668205 -0.0677940 0.7087469
1721499970.245915 4.4803457 0.5193268 -0.4337760 -0.6997318 0.0680320 -0.0689409 0.7078095
1721499970.312597 4.4930406 0.5971586 -0.4263382 -0.7134385 0.0704201 -0.0700613 0.6936412
1721499970.345937 4.4979553 0.6357571 -0.4214973 -0.7191452 0.0714772 -0.0692809 0.6876928
1721499970.412619 4.5087547 0.7113662 -0.4200659 -0.7301160 0.0734781 -0.0646041 0.6762825
1721499970.445960 4.5398574 0.7420678 -0.4178002 -0.7351065 0.0711946 -0.0600968 0.6715194
1721499970.479301 4.5493536 0.7823735 -0.4216914 -0.7379675 0.0703733 -0.0578024 0.6686633
1721499970.512642 4.5594063 0.8243324 -0.4271328 -0.7399101 0.0690893 -0.0551722 0.6668701
1721499970.545983 4.5709929 0.8669345 -0.4322451 -0.7398204 0.0677141 -0.0522252 0.6673478
1721499970.579324 4.5817585 0.9089246 -0.4389861 -0.7401754 0.0667164 -0.0493444 0.6672740
1721499970.646006 4.6075640 0.9933929 -0.4519461 -0.7432052 0.0647190 -0.0444380 0.6644417
1721499970.679347 4.6204576 1.0341122 -0.4568088 -0.7461943 0.0619298 -0.0435395 0.6614100
1721499970.712688 4.6335158 1.0770113 -0.4513017 -0.7434308 0.0579085 -0.0437478 0.6648635
1721499970.779370 4.6606541 1.1590499 -0.4444170 -0.7403491 0.0550980 -0.0440040 0.6685141
1721499970.812712 4.6721649 1.2011489 -0.4419568 -0.7422045 0.0567441 -0.0428738 0.6663890
1721499970.846053 4.6803679 1.2139914 -0.4333656 -0.7427076 0.0571229 -0.0421342 0.6658433
1721499970.879395 4.6912456 1.2585278 -0.4272150 -0.7400963 0.0571549 -0.0416374 0.6687729
1721499970.912736 4.7014608 1.3027359 -0.4218630 -0.7359210 0.0569421 -0.0423234 0.6733399
1721499970.946078 4.7107143 1.3468227 -0.4180715 -0.7311997 0.0562402 -0.0433634 0.6784569
1721499970.979419 4.7192345 1.3906441 -0.4161259 -0.7273122 0.0550351 -0.0444850 0.6826487
1721499971.012761 4.7274694 1.4354538 -0.4166602 -0.7242098 0.0545533 -0.0451210 0.6859361
1721499971.046102 4.7354040 1.4796876 -0.4191226 -0.7208308 0.0554689 -0.0456156 0.6893805
1721499971.079444 4.7423048 1.5234687 -0.4236449 -0.7190710 0.0574858 -0.0468017 0.6909719
1721499971.112785 4.7485952 1.5677476 -0.4281342 -0.7178097 0.0598526 -0.0491954 0.6919153
1721499971.146127 4.7543011 1.6112250 -0.4327091 -0.7153855 0.0616900 -0.0523558 0.6940295
1721499971.179468 4.7589302 1.6551020 -0.4381697 -0.7154990 0.0632131 -0.0555183 0.6935294
1721499971.212809 4.7635107 1.6976582 -0.4390064 -0.7159135 0.0642246 -0.0584218 0.6927698
1721499971.246150 4.7661414 1.7389829 -0.4393538 -0.7121824 0.0630217 -0.0619161 0.6964129
1721499971.279492 4.7712345 1.7794834 -0.4383994 -0.7126594 0.0594752 -0.0635736 0.6960875
1721499971.312834 4.7748675 1.8041966 -0.4242004 -0.7156661 0.0569229 -0.0632869 0.6932364
1721499971.346175 4.7824516 1.8450710 -0.4206072 -0.7172455 0.0571177 -0.0618284 0.6917180
1721499971.379517 4.7911720 1.8861125 -0.4161237 -0.7173559 0.0581901 -0.0606587 0.6916177
1721499971.412858 4.8004274 1.9256291 -0.4130671 -0.7159342 0.0588016 -0.0592490 0.6931596
1721499971.446200 4.8094206 1.9635806 -0.4111302 -0.7137024 0.0599299 -0.0577272 0.6954889
1721499971.479541 4.8200960 2.0011942 -0.4121797 -0.7116632 0.0614156 -0.0566931 0.6975310
1721499971.512883 4.8300238 2.0392270 -0.4159231 -0.7107043 0.0622090 -0.0562321 0.6984751
1721499971.546224 4.8411856 2.0778186 -0.4225953 -0.7101540 0.0618027 -0.0554264 0.6991350
1721499971.579566 4.8525529 2.1157246 -0.4313588 -0.7098507 0.0608444 -0.0540013 0.6996385
1721499971.612907 4.8644328 2.1546891 -0.4403374 -0.7099616 0.0603151 -0.0522652 0.6997036
1721499971.646249 4.8764348 2.1931868 -0.4493663 -0.7094739 0.0591730 -0.0511480 0.7003779
1721499971.679590 4.9001508 2.2225904 -0.4621539 -0.7124633 0.0551435 -0.0490588 0.6978170
1721499971.712931 4.9117608 2.2596552 -0.4668648 -0.7152960 0.0521247 -0.0483256 0.6951973
1721499971.746272 4.9224253 2.2962074 -0.4680643 -0.7150728 0.0491334 -0.0481518 0.6956568
1721499971.779613 4.9328127 2.3316660 -0.4671454 -0.7143671 0.0491766 -0.0469590 0.6964598
1721499971.812954 4.9423785 2.3653851 -0.4639182 -0.7154563 0.0506858 -0.0450745 0.6953571
1721499971.846295 4.9494796 2.3974352 -0.4591548 -0.7164776 0.0499072 -0.0432291 0.6944786
1721499971.879636 4.9549584 2.4287252 -0.4536505 -0.7174668 0.0476852 -0.0411654 0.6937385
1721499971.912977 4.9607539 2.4595292 -0.4478128 -0.7171714 0.0445523 -0.0392149 0.6943648
1721499971.946318 4.9659219 2.4898379 -0.4432883 -0.7169351 0.0406589 -0.0368205 0.6949787
1721499971.979660 4.9696841 2.5192416 -0.4402835 -0.7171042 0.0358609 -0.0339299 0.6952153
1721499972.013000 4.9712400 2.5602565 -0.4401367 -0.7156077 0.0290001 -0.0314921 0.6971893
1721499972.046342 4.9723849 2.5883403 -0.4423184 -0.7151375 0.0238940 -0.0265661 0.6980700
1721499972.079683 4.9733524 2.6158781 -0.4464917 -0.7162694 0.0190116 -0.0218398 0.6972229
1721499972.113023 4.9730206 2.6432467 -0.4524541 -0.7192034 0.0150075 -0.0175187 0.6944166
1721499972.146364 4.9703231 2.6687789 -0.4591331 -0.7211735 0.0103725 -0.0131713 0.6925517
1721499972.179705 4.9670205 2.6928191 -0.4642265 -0.7199766 0.0039546 -0.0081782 0.6939390
1721499972.213046 4.9616804 2.7170877 -0.4665468 -0.7215225 -0.0038800 -0.0012777 0.6923790
1721499972.246387 4.9743147 2.7505243 -0.4515927 -0.7195212 -0.0136892 0.0084583 0.6942841
1721499972.279728 4.9702039 2.7721906 -0.4494100 -0.7177201 -0.0252263 0.0182375 0.6956357
1721499972.313069 4.9645529 2.7920692 -0.4477232 -0.7180716 -0.0407136 0.0293990 0.6941551
1721499972.346410 4.9579444 2.8111999 -0.4444959 -0.7172140 -0.0588680 0.0439044 0.6929726
1721499972.379751 4.9506130 2.8274696 -0.4401370 -0.7133794 -0.0781270 0.0619636 0.6936473
1721499972.413092 4.9438014 2.8422582 -0.4366152 -0.7100982 -0.0979371 0.0826539 0.6923418
1721499972.446433 4.9361153 2.8556950 -0.4331832 -0.7065596 -0.1187805 0.1052464 0.6896289
1721499972.479774 4.9281235 2.8667767 -0.4307323 -0.7027089 -0.1401265 0.1291166 0.6854879
1721499972.513115 4.9193797 2.8766017 -0.4281921 -0.6986565 -0.1613395 0.1523411 0.6801771
1721499972.546456 4.9111075 2.8848274 -0.4269120 -0.6937389 -0.1835269 0.1747870 0.6741616
1721499972.579797 4.8923602 2.9014466 -0.4189196 -0.6892491 -0.2052475 0.1936700 0.6673089
1721499972.613138 4.8838415 2.9077725 -0.4173064 -0.6797100 -0.2298981 0.2162210 0.6621100
1721499972.646479 4.8760114 2.9131832 -0.4167744 -0.6724484 -0.2553792 0.2370106 0.6530089
1721499972.679820 4.8680606 2.9179282 -0.4162254 -0.6641995 -0.2805987 0.2575314 0.6432582
1721499972.713147 4.8601327 2.9224744 -0.4163973 -0.6550894 -0.3051856 0.2765507 0.6334347
1721499972.746570 4.8523955 2.9264266 -0.4170701 -0.6454861 -0.3276661 0.2942135 0.6240362
1721499972.779994 4.8444619 2.9306931 -0.4176326 -0.6369573 -0.3472229 0.3101963 0.6144103
1721499972.813417 4.8344259 2.9344466 -0.4180571 -0.6297894 -0.3648178 0.3243294 0.6042216
1721499972.846841 4.8033161 2.9447634 -0.3974333 -0.6258609 -0.3816967 0.3345754 0.5921699
1721499972.880266 4.7915874 2.9489789 -0.3974414 -0.6190113 -0.3944388 0.3477448 0.5833667
1721499972.913691 4.7786808 2.9538047 -0.3967320 -0.6123735 -0.4042371 0.3604543 0.5759025
1721499972.947117 4.7642698 2.9588075 -0.3961676 -0.6065281 -0.4123797 0.3722652 0.5687577
1721499972.980543 4.7476568 2.9637220 -0.3967100 -0.6016682 -0.4194093 0.3826077 0.5618742
1721499973.013969 4.7282753 2.9687140 -0.3983893 -0.5978859 -0.4251558 0.3909252 0.5558350
1721499973.047396 4.7068415 2.9738622 -0.4007729 -0.5946508 -0.4301537 0.3973473 0.5508841
1721499973.080824 4.6835790 2.9789495 -0.4050261 -0.5921412 -0.4350356 0.4019051 0.5464295
1721499973.114253 4.6572628 2.9836144 -0.4101471 -0.5904178 -0.4395359 0.4049234 0.5424501
1721499973.147681 4.6287985 2.9883358 -0.4170424 -0.5896873 -0.4436500 0.4062966 0.5388569
1721499973.181111 4.5907798 3.0021355 -0.4124910 -0.5908982 -0.4487778 0.4063074 0.5332468
1721499973.214541 4.5580673 3.0067246 -0.4189810 -0.5909164 -0.4541637 0.4046860 0.5298890
1721499973.247971 4.5225654 3.0111897 -0.4242911 -0.5909959 -0.4593191 0.4019476 0.5274353
1721499973.281402 4.4828310 3.0153992 -0.4280251 -0.5915325 -0.4641300 0.3987827 0.5250190
1721499973.314834 4.4414697 3.0200729 -0.4303674 -0.5926726 -0.4670747 0.3961295 0.5231268
1721499973.348266 4.3983474 3.0240440 -0.4307373 -0.5937991 -0.4690328 0.3938506 0.5218166
1721499973.381698 4.3548074 3.0284061 -0.4252491 -0.5932328 -0.4689694 0.3938195 0.5225408
1721499973.415131 4.3108006 3.0324619 -0.4164964 -0.5883949 -0.4676774 0.3972497 0.5265568
1721499973.448564 4.2680955 3.0366788 -0.4095855 -0.5837184 -0.4693151 0.4008647 0.5275639
1721499973.481998 4.2260089 3.0413609 -0.4034069 -0.5821444 -0.4725814 0.4033793 0.5244616
1721499973.515433 4.1832557 3.0495610 -0.4012076 -0.5813934 -0.4762569 0.4057975 0.5200861
1721499973.548868 4.1443071 3.0565119 -0.3952978 -0.5824395 -0.4771136 0.4071199 0.5170884
1721499973.582304 4.1067677 3.0633097 -0.3905699 -0.5824845 -0.4768474 0.4085473 0.5161566
1721499973.615740 4.0700426 3.0705981 -0.3871701 -0.5819482 -0.4760285 0.4099282 0.5164225
1721499973.649177 4.0318203 3.0781381 -0.3858509 -0.5813089 -0.4747463 0.4112746 0.5172516
1721499973.682614 3.9933205 3.0866179 -0.3859111 -0.5807088 -0.4725339 0.4125843 0.5189059
1721499973.716066 3.9550934 3.0955153 -0.3869429 -0.5788466 -0.4704692 0.4142015 0.5215674
1721499973.749399 3.9172368 3.1039710 -0.3891454 -0.5754983 -0.4689420 0.4165427 0.5247736
1721499973.782732 3.8788276 3.1132348 -0.3929019 -0.5735661 -0.4697284 0.4175884 0.5253544
1721499973.816066 3.8393149 3.1227336 -0.3964387 -0.5728543 -0.4713658 0.4183391 0.5240655
1721499973.849398 3.8054545 3.1603911 -0.3942517 -0.5699351 -0.4740938 0.4222764 0.5216241
1721499973.882730 3.7643468 3.1733570 -0.3948680 -0.5668575 -0.4765743 0.4248665 0.5206131
1721499973.916063 3.7235606 3.1863286 -0.3894187 -0.5616679 -0.4804144 0.4276549 0.5204252
1721499973.949396 3.6815596 3.1992059 -0.3841046 -0.5547140 -0.4797499 0.4343907 0.5229121
1721499973.982728 3.6388845 3.2114801 -0.3801862 -0.5549065 -0.4802004 0.4367865 0.5202922
1721499974.016061 3.5960672 3.2229695 -0.3754028 -0.5575480 -0.4802628 0.4380194 0.5163593
1721499974.049394 3.5545847 3.2314386 -0.3702626 -0.5594539 -0.4810027 0.4384463 0.5132375
1721499974.082726 3.5121787 3.2393897 -0.3640529 -0.5589988 -0.4802350 0.4402392 0.5129172
1721499974.116058 3.4693999 3.2459881 -0.3583270 -0.5567549 -0.4781724 0.4431405 0.5147832
1721499974.149391 3.4277279 3.2525194 -0.3553119 -0.5544756 -0.4764567 0.4454548 0.5168326
1721499974.182723 3.3881931 3.2709680 -0.3787331 -0.5522170 -0.4750326 0.4486787 0.5177721
1721499974.216055 3.3451028 3.2786686 -0.3798329 -0.5513409 -0.4745741 0.4491092 0.5187520
1721499974.249387 3.2997260 3.2857919 -0.3829116 -0.5514844 -0.4734563 0.4493960 0.5193722
1721499974.282719 3.2539811 3.2919617 -0.3878067 -0.5534478 -0.4731253 0.4476494 0.5190936
1721499974.316051 3.2086124 3.2976241 -0.3920766 -0.5549354 -0.4715190 0.4459971 0.5203875
1721499974.349382 3.1638255 3.3025253 -0.3964410 -0.5557950 -0.4690160 0.4443722 0.5231151
1721499974.382714 3.1180246 3.3075714 -0.3965008 -0.5590806 -0.4686554 0.4400784 0.5235668
1721499974.416046 3.0732086 3.3121967 -0.3948786 -0.5574913 -0.4646691 0.4398378 0.5289885
1721499974.449378 3.0286922 3.3161604 -0.3942105 -0.5578610 -0.4666155 0.4362257 0.5298758
1721499974.482709 2.9846756 3.3207452 -0.3918822 -0.5587171 -0.4699795 0.4332652 0.5284277
1721499974.516041 2.9549136 3.3202078 -0.3747252 -0.5608306 -0.4707799 0.4317465 0.5267166
1721499974.549372 2.9136634 3.3289773 -0.3693413 -0.5614769 -0.4678385 0.4336394 0.5270936
1721499974.582703 2.8728094 3.3387394 -0.3649033 -0.5616338 -0.4640703 0.4361247 0.5282059
1721499974.616035 2.8320448 3.3480213 -0.3617274 -0.5608749 -0.4599748 0.4390586 0.5301605
1721499974.649366 2.7916801 3.3581834 -0.3612207 -0.5596468 -0.4558191 0.4410041 0.5334226
1721499974.682697 2.7511959 3.3676436 -0.3628733 -0.5584656 -0.4524650 0.4417285 0.5369056
1721499974.716028 2.6960180 3.3639462 -0.3620528 -0.5582702 -0.4500575 0.4396799 0.5407997
1721499974.749362 2.6553025 3.3755946 -0.3683297 -0.5568302 -0.4500734 0.4395529 0.5423719
1721499974.782694 2.6143517 3.3876743 -0.3752893 -0.5559022 -0.4509989 0.4394661 0.5426254
1721499974.816027 2.5734129 3.4000459 -0.3819205 -0.5541936 -0.4512122 0.4406603 0.5432271
1721499974.849361 2.5326710 3.4127192 -0.3889309 -0.5516135 -0.4521207 0.4414438 0.5444602
1721499974.882694 2.4802976 3.4137676 -0.3796525 -0.5509050 -0.4575408 0.4375094 0.5438250
1721499974.916027 2.4393985 3.4264255 -0.3803344 -0.5449608 -0.4565907 0.4416302 0.5472710
1721499974.949360 2.3990986 3.4393530 -0.3810884 -0.5449685 -0.4541296 0.4437222 0.5476188
1721499974.982693 2.3595223 3.4515920 -0.3808561 -0.5480679 -0.4522714 0.4425579 0.5470053
1721499975.016026 2.3216102 3.4520073 -0.3716808 -0.5524912 -0.4519682 0.4372820 0.5470491
1721499975.049359 2.2840338 3.4616661 -0.3684103 -0.5543010 -0.4510081 0.4348187 0.5479735
1721499975.082692 2.2477217 3.4705529 -0.3644469 -0.5550108 -0.4478228 0.4337885 0.5506771
1721499975.116025 2.2119389 3.4783907 -0.3613495 -0.5550560 -0.4452889 0.4324831 0.5537049
1721499975.149358 2.1857123 3.4922905 -0.3594277 -0.5545276 -0.4443163 0.4320758 0.5553311
1721499975.182690 2.1510539 3.4991679 -0.3593724 -0.5542734 -0.4409835 0.4320646 0.5582426
1721499975.216022 2.1171839 3.5053427 -0.3613107 -0.5542163 -0.4367789 0.4324966 0.5612621
1721499975.249354 2.0845108 3.5110643 -0.3658279 -0.5566106 -0.4323869 0.4313389 0.5631812
1721499975.282686 2.0572455 3.5209432 -0.3624797 -0.5614727 -0.4293257 0.4278934 0.5633250
1721499975.316019 2.0265131 3.5259624 -0.3690245 -0.5663459 -0.4236692 0.4244358 0.5653414
1721499975.349351 1.9965498 3.5308888 -0.3741055 -0.5735335 -0.4180578 0.4185655 0.5666480
1721499975.382683 1.9675083 3.5362701 -0.3740455 -0.5788866 -0.4089124 0.4135629 0.5715303
1721499975.416016 1.9323146 3.5390160 -0.3680425 -0.5832042 -0.4009297 0.4073395 0.5772372
1721499975.449348 1.9052269 3.5453520 -0.3663726 -0.5891339 -0.3940147 0.3992929 0.5815831
1721499975.482680 1.8795371 3.5530236 -0.3627374 -0.5954431 -0.3853191 0.3917541 0.5860935
1721499975.516012 1.8610904 3.5552466 -0.3585975 -0.6001470 -0.3744042 0.3845250 0.5931152
1721499975.549344 1.8393219 3.5644867 -0.3548441 -0.6061622 -0.3629066 0.3759491 0.5996071
1721499975.582675 1.8193181 3.5751517 -0.3526311 -0.6141402 -0.3491797 0.3655772 0.6060187
1721499975.616007 1.8110194 3.5836887 -0.3553522 -0.6225266 -0.3338642 0.3540408 0.6129032
1721499975.649339 1.7952152 3.5954890 -0.3570738 -0.6315546 -0.3191113 0.3388846 0.6200516
1721499975.682669 1.7814151 3.6074920 -0.3608000 -0.6413198 -0.3048371 0.3213446 0.6265150
1721499975.716001 1.7694675 3.6191816 -0.3655891 -0.6502293 -0.2909463 0.3036445 0.6327339
1721499975.749334 1.7633399 3.6266353 -0.3757358 -0.6563181 -0.2762598 0.2869928 0.6407514
1721499975.782667 1.7542496 3.6359200 -0.3797216 -0.6587365 -0.2639040 0.2714173 0.6501951
1721499975.816000 1.7453412 3.6435461 -0.3818581 -0.6601666 -0.2550350 0.2582510 0.6576045
1721499975.849333 1.7284701 3.6563311 -0.3916276 -0.6578041 -0.2463668 0.2490638 0.6667567
1721499975.882665 1.7216668 3.6623383 -0.3913424 -0.6578169 -0.2346506 0.2388269 0.6746687
1721499975.915998 1.7161597 3.6679089 -0.3902867 -0.6595327 -0.2199969 0.2265691 0.6821176
1721499975.949331 1.7119088 3.6729035 -0.3892863 -0.6635191 -0.2033179 0.2106164 0.6885092
1721499975.982663 1.7079682 3.6745205 -0.3838634 -0.6696200 -0.1844748 0.1910245 0.6936049
1721499976.015996 1.7056800 3.6774764 -0.3829422 -0.6748210 -0.1648331 0.1698507 0.6989976
1721499976.049328 1.7084336 3.6656075 -0.3808210 -0.6801064 -0.1446595 0.1472177 0.7034599
1721499976.082660 1.7077056 3.6639159 -0.3831153 -0.6868413 -0.1271196 0.1243602 0.7047157
1721499976.115992 1.7072523 3.6597672 -0.3862054 -0.6925687 -0.1100743 0.1030612 0.7054152
1721499976.149324 1.7071116 3.6529822 -0.3898351 -0.6964067 -0.0922059 0.0836328 0.7067683
1721499976.182656 1.7033324 3.6560521 -0.3974934 -0.7002827 -0.0727584 0.0650102 0.7071663
1721499976.215988 1.7028245 3.6453459 -0.4037123 -0.7039517 -0.0534899 0.0474219 0.7066414
1721499976.249320 1.7023584 3.6285093 -0.4165254 -0.7073310 -0.0332163 0.0319853 0.7053769
1721499976.282652 1.7006793 3.6134379 -0.4237418 -0.7104695 -0.0163246 0.0155631 0.7033665
1721499976.315984 1.6975785 3.5969913 -0.4298153 -0.7148165 -0.0016729 0.0011846 0.6993092
1721499976.349316 1.6798843 3.5823755 -0.4577022 -0.7173876 0.0121402 -0.0102062 0.6964937
1721499976.382647 1.6751134 3.5626786 -0.4606450 -0.7188524 0.0234956 -0.0189408 0.6945074
1721499976.415979 1.6699568 3.5410500 -0.4623532 -0.7166496 0.0327961 -0.0253936 0.6961990
1721499976.449311 1.6605585 3.5114739 -0.4608045 -0.7170264 0.0413889 -0.0319737 0.6950811
1721499976.482642 1.6556374 3.4870276 -0.4600823 -0.7143988 0.0458678 -0.0341205 0.6973997
1721499976.515973 1.6513610 3.4608166 -0.4601004 -0.7130373 0.0481319 -0.0361366 0.6985380
1721499976.549304 1.6366765 3.4279270 -0.4639354 -0.7145343 0.0531928 -0.0383851 0.6965184
1721499976.582635 1.6340313 3.3981581 -0.4648693 -0.7151836 0.0556906 -0.0383622 0.6956575
1721499976.615966 1.6318219 3.3665640 -0.4654448 -0.7137942 0.0572745 -0.0379945 0.6969749
1721499976.649297 1.6127664 3.3267360 -0.4679029 -0.7101246 0.0626635 -0.0397771 0.7001529
1721499976.682628 1.6115810 3.2924237 -0.4708652 -0.7063218 0.0627690 -0.0384987 0.7040507
1721499976.715959 1.6109300 3.2568836 -0.4759130 -0.7051733 0.0614285 -0.0375004 0.7053730
1721499976.749292 1.6110393 3.2205400 -0.4815023 -0.7059063 0.0582541 -0.0369165 0.7049398
1721499976.782625 1.6118553 3.1828208 -0.4863217 -0.7054723 0.0542104 -0.0363460 0.7057260
1721499976.815958 1.6130947 3.1452384 -0.4909387 -0.7058862 0.0489898 -0.0366756 0.7056768
1721499976.849290 1.6142626 3.1083806 -0.4923327 -0.7068822 0.0419782 -0.0371936 0.7051043
1721499976.882622 1.6154902 3.0710158 -0.4916942 -0.7049422 0.0348584 -0.0356104 0.7075121
1721499976.915955 1.6159211 3.0345910 -0.4920316 -0.7059253 0.0317769 -0.0316141 0.7068665
1721499976.949287 1.6157042 2.9991212 -0.4889567 -0.7065104 0.0306945 -0.0285561 0.7064598
1721499976.982620 1.6139045 2.9643385 -0.4825873 -0.7030028 0.0296164 -0.0270982 0.7100534
1721499977.015951 1.6117228 2.9302685 -0.4763784 -0.7000521 0.0308497 -0.0263972 0.7129366
1721499977.049283 1.6079489 2.8956938 -0.4720612 -0.6995704 0.0341689 -0.0264080 0.7132577
1721499977.082615 1.6016293 2.8596241 -0.4708400 -0.7004890 0.0377429 -0.0275020 0.7121336
1721499977.115947 1.5914378 2.8130262 -0.4740345 -0.7017149 0.0383193 -0.0309361 0.7107537
1721499977.149279 1.5825437 2.7758417 -0.4762571 -0.7014188 0.0384702 -0.0334055 0.7109261
1721499977.182611 1.5724779 2.7377946 -0.4793663 -0.7008404 0.0391530 -0.0366028 0.7113016
1721499977.215942 1.5618304 2.7005277 -0.4833937 -0.7009833 0.0400900 -0.0397910 0.7109373
1721499977.249274 1.5498873 2.6633239 -0.4876261 -0.7013674 0.0415592 -0.0422895 0.7103298
1721499977.282606 1.5375872 2.6271687 -0.4907517 -0.7029100 0.0435551 -0.0440987 0.7085730
1721499977.315937 1.5249879 2.5918319 -0.4912868 -0.7029502 0.0448419 -0.0450861 0.7083908
1721499977.349269 1.5132647 2.5566835 -0.4915133 -0.7037055 0.0454608 -0.0448969 0.7076130
1721499977.382600 1.5018514 2.5217769 -0.4905541 -0.7042986 0.0459008 -0.0432855 0.7070947
1721499977.415932 1.4852836 2.4881413 -0.4745719 -0.7067575 0.0492694 -0.0411139 0.7045395
1721499977.449262 1.4777396 2.4525907 -0.4705667 -0.7075372 0.0502931 -0.0396605 0.7037676
1721499977.482593 1.4709038 2.4174280 -0.4678721 -0.7086251 0.0504965 -0.0386439 0.7027141
1721499977.515924 1.4643546 2.3811007 -0.4669409 -0.7102098 0.0511068 -0.0373264 0.7011398
1721499977.549255 1.4586190 2.3431191 -0.4674387 -0.7109119 0.0515443 -0.0360496 0.7004626
1721499977.582586 1.4532462 2.3045671 -0.4691811 -0.7102306 0.0526020 -0.0352879 0.7011137
1721499977.615917 1.4487391 2.2652798 -0.4724255 -0.7099202 0.0539579 -0.0348877 0.7013450
1721499977.649248 1.4456050 2.2265964 -0.4775169 -0.7114136 0.0542924 -0.0359248 0.6997517
1721499977.682579 1.4292417 2.1808815 -0.4793404 -0.7134649 0.0544690 -0.0395951 0.6974477
1721499977.715909 1.4279348 2.1394694 -0.4858035 -0.7157966 0.0526956 -0.0415467 0.6950771
1721499977.749243 1.4268206 2.0983272 -0.4921759 -0.7216778 0.0496709 -0.0431328 0.6890962
1721499977.782575 1.4261422 2.0585918 -0.4955298 -0.7250521 0.0466992 -0.0425105 0.6857926
1721499977.815908 1.4251214 2.0203757 -0.4974908 -0.7283918 0.0464667 -0.0403247 0.6823930
1721499977.849241 1.4232389 1.9826746 -0.4975239 -0.7325749 0.0487734 -0.0384011 0.6778501
1721499977.882573 1.4197146 1.9464204 -0.4934657 -0.7326385 0.0513308 -0.0384743 0.6775882
1721499977.915905 1.4141749 1.9106721 -0.4877782 -0.7305067 0.0536639 -0.0410364 0.6795559
1721499977.949238 1.4072826 1.8763146 -0.4823822 -0.7288567 0.0545328 -0.0450370 0.6810035
1721499977.982570 1.3991153 1.8415368 -0.4794909 -0.7281963 0.0542175 -0.0487767 0.6814775
1721499978.015903 1.3906126 1.8047403 -0.4651245 -0.7294375 0.0530064 -0.0513863 0.6800520
1721499978.049235 1.3810331 1.7690650 -0.4649607 -0.7297642 0.0520829 -0.0525782 0.6796816
1721499978.082567 1.3709910 1.7338991 -0.4659305 -0.7290476 0.0516197 -0.0537344 0.6803953
1721499978.115900 1.3607717 1.6987063 -0.4677652 -0.7282799 0.0517222 -0.0553730 0.6810779
1721499978.149232 1.3501230 1.6647723 -0.4700009 -0.7268130 0.0515062 -0.0572926 0.6825010
1721499978.182564 1.3390895 1.6309345 -0.4719718 -0.7247403 0.0517264 -0.0591430 0.6845276
1721499978.215896 1.3269861 1.5983324 -0.4755095 -0.7235557 0.0532099 -0.0601533 0.6855783
1721499978.249228 1.3152390 1.5671151 -0.4787055 -0.7266513 0.0556784 -0.0609432 0.6820291
1721499978.282560 1.3036104 1.5362724 -0.4807513 -0.7271427 0.0583867 -0.0625890 0.6811294
1721499978.315892 1.2929338 1.5051357 -0.4811264 -0.7284248 0.0588491 -0.0648007 0.6795108
1721499978.349222 1.2892953 1.4720988 -0.4608119 -0.7309490 0.0548475 -0.0664711 0.6769689
1721499978.415885 1.2728404 1.4071801 -0.4563249 -0.7365729 0.0510892 -0.0633942 0.6714399
1721499978.449217 1.2661346 1.3739146 -0.4539810 -0.7375047 0.0516858 -0.0581298 0.6708475
1721499978.482548 1.2595817 1.3391001 -0.4517169 -0.7357371 0.0522210 -0.0522657 0.6732253
1721499978.515879 1.2537836 1.3038546 -0.4513112 -0.7333963 0.0527790 -0.0476831 0.6760700
1721499978.549211 1.2468187 1.2674012 -0.4538312 -0.7321236 0.0536828 -0.0444809 0.6775948
1721499978.582542 1.2407084 1.2310646 -0.4561014 -0.7310282 0.0541203 -0.0420977 0.6788936
1721499978.615873 1.2360057 1.1938522 -0.4613233 -0.7320268 0.0538409 -0.0403386 0.6779462
1721499978.649204 1.2329910 1.1566966 -0.4653777 -0.7324439 0.0540467 -0.0376897 0.6776315
1721499978.682535 1.2301390 1.1196302 -0.4691543 -0.7349069 0.0536923 -0.0348044 0.6751427
1721499978.715866 1.2288752 1.0830687 -0.4699233 -0.7343903 0.0521128 -0.0322923 0.6759530
1721499978.749199 1.2266659 1.0469370 -0.4678470 -0.7297117 0.0504095 -0.0303585 0.6812181
1721499978.782531 1.2352087 1.0278935 -0.4300445 -0.7334245 0.0478464 -0.0282513 0.6774961
1721499978.815864 1.2298921 0.9938896 -0.4256797 -0.7359495 0.0465263 -0.0271883 0.6748885
1721499978.849197 1.2235073 0.9613670 -0.4171095 -0.7344585 0.0456955 -0.0259414 0.6766163
1721499978.882530 1.2149762 0.9284133 -0.4092366 -0.7330577 0.0458142 -0.0251717 0.6781548
1721499978.915863 1.2045265 0.8954816 -0.4028378 -0.7333823 0.0458523 -0.0252339 0.6777989
1721499978.949196 1.1924454 0.8612610 -0.3985579 -0.7344110 0.0452231 -0.0256083 0.6767123
1721499978.982528 1.1787789 0.8273447 -0.3939182 -0.7346341 0.0443538 -0.0257630 0.6765219
1721499979.015861 1.1643589 0.7929603 -0.3896520 -0.7338353 0.0440631 -0.0271619 0.6773526
1721499979.049193 1.1494980 0.7602167 -0.3862906 -0.7320982 0.0443939 -0.0293185 0.6791185
1721499979.082526 1.1349232 0.7278465 -0.3840145 -0.7313610 0.0459065 -0.0326767 0.6796587
1721499979.115858 1.1190524 0.6956515 -0.3839106 -0.7318603 0.0485797 -0.0368694 0.6787202
1721499979.149190 1.1020442 0.6646827 -0.3859192 -0.7334968 0.0524304 -0.0409963 0.6764266
1721499979.182523 1.0728815 0.6435952 -0.3841703 -0.7390806 0.0602749 -0.0444594 0.6694402
1721499979.249186 1.0411907 0.5862571 -0.3854103 -0.7420940 0.0675411 -0.0534270 0.6647407
1721499979.282518 1.0270907 0.5580653 -0.3840422 -0.7433838 0.0683394 -0.0563616 0.6629733
1721499979.315850 1.0135789 0.5298290 -0.3818792 -0.7458568 0.0693477 -0.0583657 0.6599107
1721499979.349182 1.0024091 0.5016590 -0.3797804 -0.7494555 0.0694311 -0.0603368 0.6556336
1721499979.382514 0.9930580 0.4729622 -0.3759565 -0.7520870 0.0698521 -0.0615874 0.6524514
1721499979.415845 0.9861645 0.4443434 -0.3705634 -0.7505703 0.0711666 -0.0623335 0.6539832
1721499979.449177 0.9783924 0.4159102 -0.3660425 -0.7473047 0.0720669 -0.0634787 0.6575048
1721499979.482509 0.9728768 0.3858733 -0.3642945 -0.7463757 0.0723033 -0.0643774 0.6584460
1721499979.549171 0.9616627 0.3296718 -0.3629019 -0.7454248 0.0710420 -0.0660971 0.6594893
1721499979.582503 0.9587067 0.3012972 -0.3636477 -0.7441741 0.0695825 -0.0667056 0.6609944
1721499979.615834 0.9634250 0.2606265 -0.3824395 -0.7416839 0.0684344 -0.0655316 0.6640237
1721499979.649165 0.9609799 0.2376530 -0.3852566 -0.7426746 0.0667269 -0.0661418 0.6630288
1721499979.682496 0.9584444 0.2149919 -0.3867077 -0.7451445 0.0648647 -0.0668291 0.6603682
1721499979.715827 0.9569696 0.1941612 -0.3858604 -0.7451547 0.0623767 -0.0666584 0.6606136
1721499979.782609 0.9518665 0.1500084 -0.3911743 -0.7488523 0.0592783 -0.0634960 0.6570194
1721499979.816022 0.9488351 0.1304110 -0.3933484 -0.7537323 0.0592854 -0.0608830 0.6516642
1721499979.849435 0.9439710 0.1114913 -0.3909308 -0.7546597 0.0604476 -0.0588588 0.6506693
1721499979.916263 0.9327313 0.0754182 -0.3840732 -0.7565707 0.0673637 -0.0569006 0.6479393
1721499979.949677 0.9258440 0.0559640 -0.3832071 -0.7613507 0.0689164 -0.0576082 0.6420881
1721499979.983092 0.9170547 0.0382863 -0.3814956 -0.7632928 0.0687341 -0.0585529 0.6397120
1721499980.016507 0.9086290 0.0188122 -0.3787468 -0.7623988 0.0693718 -0.0590091 0.6406665
1721499980.049923 0.9019198 -0.0010952 -0.3772083 -0.7605830 0.0721534 -0.0595536 0.6424646
1721499980.116755 0.8857753 -0.0358989 -0.3711360 -0.7548265 0.0803504 -0.0650189 0.6477294
1721499980.150172 0.8766996 -0.0531312 -0.3690912 -0.7517098 0.0843465 -0.0695985 0.6503646
1721499980.183589 0.8582198 -0.0679068 -0.3636888 -0.7474064 0.0890770 -0.0747970 0.6541059
1721499980.217007 0.8503030 -0.0825016 -0.3640329 -0.7444322 0.0929310 -0.0799358 0.6563497
1721499980.283844 0.8323566 -0.1107550 -0.3676527 -0.7449113 0.1037515 -0.0896379 0.6529226
1721499980.317263 0.8235427 -0.1250270 -0.3683512 -0.7443170 0.1093652 -0.0954012 0.6518667
1721499980.350683 0.8174397 -0.1398631 -0.3695717 -0.7447879 0.1148179 -0.1001311 0.6496781
1721499980.417524 0.8069773 -0.1667669 -0.3641420 -0.7443254 0.1251096 -0.1115898 0.6464326
1721499980.450945 0.8066379 -0.1810830 -0.3625436 -0.7437143 0.1322930 -0.1185402 0.6444656
1721499980.484366 0.8110486 -0.1953262 -0.3618253 -0.7435610 0.1432538 -0.1267793 0.6407202
1721499980.551209 0.8242061 -0.2246569 -0.3619928 -0.7404182 0.1758803 -0.1520166 0.6306648
1721499980.584632 0.8345290 -0.2383075 -0.3632627 -0.7357410 0.1949041 -0.1664469 0.6268916
1721499980.618055 0.8470765 -0.2525076 -0.3644859 -0.7305583 0.2127020 -0.1801348 0.6233730
1721499980.684903 0.8712171 -0.2780904 -0.3664302 -0.7202482 0.2433455 -0.2060068 0.6161061
1721499980.718327 0.8720997 -0.2962192 -0.3844129 -0.7149363 0.2568817 -0.2159496 0.6133871
1721499980.785037 0.9046639 -0.3170333 -0.3803603 -0.7040603 0.2773272 -0.2372623 0.6091761
1721499980.818363 0.9163936 -0.3241606 -0.3796664 -0.6976817 0.2865562 -0.2460650 0.6087511
1721499980.885016 0.9388375 -0.3356659 -0.3808320 -0.6864349 0.3041328 -0.2627079 0.6060486
1721499980.918342 0.9503177 -0.3400436 -0.3825875 -0.6835846 0.3115805 -0.2687681 0.6028212
1721499980.984994 0.9651194 -0.3490023 -0.3876153 -0.6809247 0.3233472 -0.2777604 0.5955145
1721499981.051645 0.9756297 -0.3576727 -0.3920454 -0.6773344 0.3302670 -0.2826462 0.5935090
1721499981.118296 0.9785821 -0.3703875 -0.4076639 -0.6729171 0.3348270 -0.2836838 0.5954804
1721499981.151621 0.9537843 -0.3815084 -0.4161233 -0.6711941 0.3353152 -0.2844445 0.5967861
1721499981.218271 0.9565972 -0.3910116 -0.4230503 -0.6702081 0.3388156 -0.2825229 0.5968299
1721499981.284921 0.9584393 -0.4024134 -0.4329645 -0.6695802 0.3416253 -0.2829586 0.5957256
1721499981.318246 0.9575997 -0.4080582 -0.4397976 -0.6688465 0.3424808 -0.2832544 0.5959181
1721499981.384895 0.9570333 -0.4164678 -0.4498171 -0.6666574 0.3439725 -0.2842020 0.5970595
1721499981.451542 0.9576089 -0.4242774 -0.4611503 -0.6644879 0.3454413 -0.2835723 0.5989265
1721499981.518190 0.9579813 -0.4296668 -0.4702784 -0.6614873 0.3466304 -0.2831137 0.6017714
1721499981.551514 0.9590383 -0.4344871 -0.4769948 -0.6603583 0.3473366 -0.2828666 0.6027197
1721499981.618161 0.9623463 -0.4380323 -0.4852033 -0.6596401 0.3487380 -0.2829250 0.6026693
1721499981.684808 0.9616095 -0.4389123 -0.4932337 -0.6598381 0.3491026 -0.2846630 0.6014218
1721499981.718131 0.9856710 -0.4448134 -0.5007381 -0.6600793 0.3483366 -0.2848016 0.6015356
1721499981.784782 0.9848282 -0.4478076 -0.5086131 -0.6621918 0.3487865 -0.2852613 0.5987288
1721499981.818107 0.9837686 -0.4494683 -0.5127244 -0.6638595 0.3484652 -0.2847993 0.5972872
1721499981.884757 0.9814008 -0.4513186 -0.5178879 -0.6672150 0.3472032 -0.2823821 0.5954280
1721499981.918082 0.9770937 -0.4527805 -0.5188561 -0.6684431 0.3463795 -0.2809193 0.5952222
1721499981.984731 0.9722116 -0.4524208 -0.5220646 -0.6711540 0.3446148 -0.2774321 0.5948315
1721499982.051381 0.9654830 -0.4525833 -0.5287540 -0.6752732 0.3434442 -0.2734650 0.5926796
1721499982.084705 0.9625442 -0.4510514 -0.5306299 -0.6775244 0.3432103 -0.2718855 0.5909702
1721499982.151353 0.9579257 -0.4514095 -0.5336849 -0.6795210 0.3420745 -0.2702397 0.5900905
1721499982.218001 0.9566202 -0.4538677 -0.5319872 -0.6805927 0.3401340 -0.2702256 0.5899836
1721499982.284648 0.9543740 -0.4531409 -0.5304332 -0.6810826 0.3383727 -0.2706640 0.5902299
1721499982.317972 0.9771668 -0.4973087 -0.5494807 -0.6805677 0.3357987 -0.2689387 0.5930756
1721499982.384617 0.9702395 -0.4827771 -0.5423808 -0.6804563 0.3368552 -0.2699985 0.5921222
1721499982.451263 0.9660842 -0.4780350 -0.5414876 -0.6808525 0.3387589 -0.2708396 0.5901934
1721499982.484586 0.9645829 -0.4735731 -0.5392878 -0.6811413 0.3397515 -0.2713041 0.5890751
1721499982.551231 0.9626987 -0.4733733 -0.5381197 -0.6809303 0.3403456 -0.2717500 0.5887705
1721499982.584553 0.9632240 -0.4706523 -0.5362350 -0.6807153 0.3408097 -0.2717212 0.5887641
1721499982.651197 0.9605668 -0.4702541 -0.5345211 -0.6801572 0.3419390 -0.2709597 0.5891051
1721499982.717841 0.9588814 -0.4708196 -0.5328834 -0.6803090 0.3428129 -0.2704037 0.5886772
1721499982.784490 0.9573628 -0.4685059 -0.5318432 -0.6806860 0.3434598 -0.2688390 0.5885810
1721499982.817816 0.9558770 -0.4664376 -0.5309034 -0.6809223 0.3438040 -0.2678811 0.5885435
1721499982.884466 0.9731712 -0.5201058 -0.5093887 -0.6828007 0.3437662 -0.2626875 0.5887303
1721499982.917792 0.9680368 -0.4786855 -0.5159960 -0.6814984 0.3472089 -0.2641458 0.5875653
1721499982.984442 0.9650236 -0.4776252 -0.5171044 -0.6813889 0.3502187 -0.2658606 0.5851276
1721499983.051091 0.9642375 -0.4756659 -0.5188498 -0.6817755 0.3509509 -0.2688309 0.5828770
1721499983.084415 0.9626951 -0.4718862 -0.5186871 -0.6822012 0.3510954 -0.2699712 0.5817639
1721499983.151064 0.9603966 -0.4685502 -0.5217943 -0.6836823 0.3501850 -0.2706431 0.5802597
1721499983.184388 0.9584252 -0.4658276 -0.5220241 -0.6839758 0.3501864 -0.2705927 0.5799363
1721499983.251034 0.9583535 -0.4669618 -0.5221823 -0.6832073 0.3491426 -0.2718026 0.5809050
1721499983.317682 0.9564865 -0.4681894 -0.5210862 -0.6831344 0.3458390 -0.2728979 0.5824514
1721499983.384328 0.9549529 -0.4693114 -0.5166024 -0.6826853 0.3421172 -0.2730370 0.5851046
1721499983.450975 0.9673809 -0.5094360 -0.5063868 -0.6832851 0.3372322 -0.2689408 0.5891237
1721499983.484298 0.9633101 -0.5030291 -0.5075128 -0.6830549 0.3358643 -0.2691282 0.5900859
1721499983.550943 0.9584776 -0.5026698 -0.5078931 -0.6822273 0.3330258 -0.2703654 0.5920831
1721499983.617587 0.9531052 -0.5003047 -0.5048743 -0.6799601 0.3302321 -0.2738230 0.5946613
1721499983.684231 0.9515223 -0.5004505 -0.5045145 -0.6771126 0.3275185 -0.2810972 0.5960155
1721499983.750876 0.9512086 -0.4996800 -0.5052508 -0.6744258 0.3234873 -0.2918290 0.5961055
1721499983.784201 0.9504129 -0.4958334 -0.5049374 -0.6744086 0.3225874 -0.2958398 0.5946338
1721499983.850850 0.9517374 -0.4965733 -0.5083418 -0.6758736 0.3266283 -0.2990156 0.5891507
1721499983.917499 0.9521273 -0.4999808 -0.5119928 -0.6757666 0.3388390 -0.2994734 0.5821025
1721499983.950823 0.9664550 -0.5427599 -0.5107185 -0.6741937 0.3449423 -0.2975992 0.5813023
1721499984.017471 0.9574351 -0.5191137 -0.5143956 -0.6679184 0.3581994 -0.3056997 0.5763037
1721499984.050795 0.9556278 -0.5180436 -0.5145966 -0.6637201 0.3641852 -0.3112803 0.5744122
1721499984.117441 0.9559374 -0.5175539 -0.5159674 -0.6584610 0.3741916 -0.3216712 0.5682759
1721499984.184088 0.9556925 -0.5179442 -0.5180554 -0.6571147 0.3835851 -0.3272093 0.5603541
1721499984.217410 0.9548181 -0.5154933 -0.5189152 -0.6569812 0.3870406 -0.3292202 0.5569466
1721499984.284056 0.9514588 -0.5144385 -0.5164413 -0.6564966 0.3860381 -0.3332916 0.5557910
1721499984.350701 0.9497466 -0.5128992 -0.5180330 -0.6545373 0.3856354 -0.3401544 0.5542214
1721499984.417346 0.9510450 -0.5126883 -0.5208856 -0.6538215 0.3917018 -0.3422366 0.5495100
1721499984.450668 0.9474080 -0.5099078 -0.5217353 -0.6535100 0.3942923 -0.3426000 0.5477989
1721499984.517312 0.9456905 -0.5411932 -0.5237839 -0.6540492 0.3980645 -0.3388509 0.5467582
1721499984.583953 0.9442009 -0.5176060 -0.5261858 -0.6564216 0.3992172 -0.3383000 0.5434055
1721499984.617275 0.9435011 -0.5105579 -0.5257794 -0.6574889 0.3982162 -0.3387716 0.5425552
